An object of class "FBA_greatmod"
Slot "S":
        [,1] [,2] [,3] [,4] [,5] [,6] [,7] [,8] [,9] [,10] [,11] [,12] [,13] [,14] [,15] [,16] [,17] [,18] [,19] [,20] [,21] [,22] [,23] [,24] [,25] [,26] [,27]
   [1,]    0    0    0    0    0    0    0    0    0     0     0     0     0     0     0     0     0     0     0     0     0     0     0     0     0     0     0
        [,28] [,29] [,30] [,31] [,32] [,33] [,34] [,35] [,36] [,37] [,38] [,39] [,40] [,41] [,42] [,43] [,44] [,45] [,46] [,47] [,48] [,49] [,50] [,51] [,52]
   [1,]     0     0     0     0     0     0     0     0     0     0     0     0     0     0     0     0     0     0     0     0     0     0     0     0     0
        [,53] [,54] [,55] [,56] [,57] [,58] [,59] [,60] [,61] [,62] [,63] [,64] [,65] [,66] [,67] [,68] [,69] [,70] [,71] [,72] [,73] [,74] [,75] [,76] [,77]
   [1,]     0     0     0     0     0     0     0     0     0     0     0     0     0     0     0     0     0     0     0     0     0     0     0     0     0
        [,78] [,79] [,80] [,81] [,82] [,83] [,84] [,85] [,86] [,87] [,88] [,89] [,90] [,91] [,92] [,93] [,94] [,95] [,96] [,97] [,98] [,99] [,100] [,101] [,102]
   [1,]     0     0     0     0     0     0     0     0     0     0     0     0     0     0     0     0     0     0     0     0     0     0      0      0      0
        [,103] [,104] [,105] [,106] [,107] [,108] [,109] [,110] [,111] [,112] [,113] [,114] [,115] [,116] [,117] [,118] [,119] [,120] [,121] [,122] [,123] [,124]
   [1,]      0      0      0      0      0      0      0      0      0      0      0      0      0      0      0      0      0      0      0      0      0      0
        [,125] [,126] [,127] [,128] [,129] [,130] [,131] [,132] [,133] [,134] [,135] [,136] [,137] [,138] [,139] [,140] [,141] [,142] [,143] [,144] [,145] [,146]
   [1,]      0      0      0      0      0      0      0      0      0      0      0      0      0      0      0      0      0      0      0      0      0      0
        [,147] [,148] [,149] [,150] [,151] [,152] [,153] [,154] [,155] [,156] [,157] [,158] [,159] [,160] [,161] [,162] [,163] [,164] [,165] [,166] [,167] [,168]
   [1,]      0      0      0      0      0      0      0      0      0      0      0      0      0      0      0      0      0      0      0      0      0      0
        [,169] [,170] [,171] [,172] [,173] [,174] [,175] [,176] [,177] [,178] [,179] [,180] [,181] [,182] [,183] [,184] [,185] [,186] [,187] [,188] [,189] [,190]
   [1,]      0      0      0      0      0      0      0      0      0      0      0      0      0      0      0      0      0      0    0.0      0      0      0
        [,191] [,192] [,193] [,194] [,195] [,196] [,197] [,198] [,199] [,200] [,201] [,202] [,203] [,204] [,205] [,206] [,207] [,208] [,209] [,210] [,211] [,212]
   [1,]      0      0      0      0      0      0      0      0      0      0      0      0      0      0      0      0      0      0      0      0      0      0
        [,213] [,214] [,215] [,216] [,217] [,218] [,219] [,220] [,221] [,222] [,223] [,224] [,225] [,226] [,227] [,228] [,229] [,230] [,231] [,232] [,233] [,234]
   [1,]      0      0      0      0      0      0      0      0      0      0      0      0      0      0      0      0      0      0      0      0      0      0
        [,235] [,236] [,237] [,238] [,239] [,240] [,241] [,242] [,243] [,244] [,245] [,246] [,247] [,248] [,249] [,250] [,251] [,252] [,253] [,254] [,255] [,256]
   [1,]      0      0      0      0      0      0      0      0      0      0      0      0      0      0      0      0      0      0      0      0      0      0
        [,257] [,258] [,259] [,260] [,261] [,262] [,263] [,264] [,265] [,266] [,267] [,268] [,269] [,270] [,271] [,272] [,273] [,274] [,275] [,276] [,277] [,278]
   [1,]      0      0      0      0      0      0      0      0      0      0      0      0      0      0      0      0      0      0      0      0      0      0
        [,279] [,280] [,281] [,282] [,283] [,284] [,285] [,286] [,287] [,288] [,289] [,290] [,291] [,292] [,293] [,294] [,295] [,296] [,297] [,298] [,299] [,300]
   [1,]      0      0      0      0      0      0      0      0      0      0      0      0      0      0      0      0      0      0      0      0      0      0
        [,301] [,302] [,303] [,304] [,305] [,306] [,307] [,308] [,309] [,310] [,311] [,312] [,313] [,314] [,315] [,316] [,317] [,318] [,319] [,320] [,321] [,322]
   [1,]      0      0      0      0      0      0      0      0      0      0      0      0      0      0      0      0      0      0      0      0      0      0
        [,323] [,324] [,325] [,326] [,327] [,328] [,329] [,330] [,331] [,332] [,333] [,334] [,335] [,336] [,337] [,338] [,339] [,340] [,341] [,342] [,343] [,344]
   [1,]      0      0      0      0      0      0      0      0      0      0      0      0      0      0      0      0      0    0.0      0      0      0      0
        [,345] [,346] [,347] [,348] [,349] [,350] [,351] [,352] [,353] [,354] [,355] [,356] [,357] [,358] [,359] [,360] [,361] [,362] [,363] [,364] [,365] [,366]
   [1,]      0      0      0      0      0      0      0      0      0      0      0      0      0      0      0      0      0      0      0      0      0      0
        [,367] [,368] [,369] [,370] [,371] [,372] [,373] [,374] [,375] [,376] [,377] [,378] [,379] [,380] [,381] [,382] [,383] [,384] [,385] [,386] [,387] [,388]
   [1,]      0      0      0      0      0      0      0      0      0      0      0      0      0      0      0      0      0      0      0      0      0      0
        [,389] [,390] [,391] [,392] [,393] [,394] [,395] [,396] [,397] [,398] [,399] [,400] [,401] [,402] [,403] [,404] [,405] [,406] [,407] [,408] [,409] [,410]
   [1,]      0      0      0      0      0      0      0      0      0      0      0      0      0      0      0      0      0      0      0      0      0      0
        [,411] [,412] [,413] [,414] [,415] [,416] [,417] [,418] [,419] [,420] [,421] [,422] [,423] [,424] [,425] [,426] [,427] [,428] [,429] [,430] [,431] [,432]
   [1,]      0      0      0      0      0      0      0      0      0      0      0      0      0      0      0      0      0      0      0      0      0      0
        [,433] [,434] [,435] [,436] [,437] [,438] [,439] [,440] [,441] [,442] [,443] [,444] [,445] [,446] [,447] [,448] [,449] [,450] [,451] [,452] [,453] [,454]
   [1,]      0      0      0      0      0      0      0      0      0      0      0      0      0      0      0      0      0      0      0      0      0      0
        [,455] [,456] [,457] [,458] [,459] [,460] [,461] [,462] [,463] [,464] [,465] [,466] [,467] [,468] [,469] [,470] [,471] [,472] [,473] [,474] [,475] [,476]
   [1,]      0      0      0      0      0      0      0      0      0      0      0      0      0      0      0      0      0      0      0      0      0      0
        [,477] [,478] [,479] [,480] [,481] [,482] [,483] [,484] [,485] [,486] [,487] [,488] [,489] [,490] [,491] [,492] [,493] [,494] [,495] [,496] [,497] [,498]
   [1,]      0      0      0      0      0      0      0      0      0      0      0      0      0      0      0      0      0      0      0      0      0      0
        [,499] [,500] [,501] [,502] [,503] [,504] [,505] [,506] [,507] [,508] [,509] [,510] [,511] [,512] [,513] [,514] [,515] [,516] [,517] [,518] [,519] [,520]
   [1,]      0      0      0      0      0      0      0      0      0      0      0      0      0      0      0      0      0      0      0      0      0      0
        [,521] [,522] [,523] [,524] [,525] [,526] [,527] [,528] [,529] [,530] [,531] [,532] [,533] [,534] [,535] [,536] [,537] [,538] [,539] [,540] [,541] [,542]
   [1,]      0      0      0      0      0      0      0      0      0      0      0      0      0      0      0      0      0      0      0      0      0      0
        [,543] [,544] [,545] [,546] [,547] [,548] [,549] [,550] [,551] [,552] [,553] [,554] [,555] [,556] [,557] [,558] [,559] [,560] [,561] [,562] [,563] [,564]
   [1,]      0      0      0      0      0      0      0      0      0      0      0      0      0      0      0      0      0      0      0      0      0      0
        [,565] [,566] [,567] [,568] [,569] [,570] [,571] [,572] [,573] [,574] [,575] [,576] [,577] [,578] [,579] [,580] [,581] [,582] [,583] [,584] [,585] [,586]
   [1,]      0      0      0      0      0      0      0      0      0      0      0      0      0      0      0      0      0      0      0      0      0      0
        [,587] [,588] [,589] [,590] [,591] [,592] [,593] [,594] [,595] [,596] [,597] [,598] [,599] [,600] [,601] [,602] [,603] [,604] [,605] [,606] [,607] [,608]
   [1,]      0      0      0      0      0      0      0      0      0      0      0      0      0      0      0      0      0      0      0      0      0      0
        [,609] [,610] [,611] [,612] [,613] [,614] [,615] [,616] [,617] [,618] [,619] [,620] [,621] [,622] [,623] [,624] [,625] [,626] [,627] [,628] [,629] [,630]
   [1,]      0      0      0      0      0      0      0      0      0      0      0      0      0      0      0      0      0      0      0      0      0      0
        [,631] [,632] [,633] [,634] [,635] [,636] [,637] [,638] [,639] [,640] [,641] [,642] [,643] [,644] [,645] [,646] [,647] [,648] [,649] [,650] [,651] [,652]
   [1,]      0      0      0      0      0      0      0      0      0      0      0      0      0      0      0      0      0      0      0      0      0      0
        [,653] [,654] [,655] [,656] [,657] [,658] [,659] [,660] [,661] [,662] [,663] [,664] [,665] [,666] [,667] [,668] [,669] [,670] [,671] [,672] [,673] [,674]
   [1,]      0      0      0      0      0      0      0      0      0      0      0      0      0      0      0      0      0      0      0      0      0      0
        [,675] [,676] [,677] [,678] [,679] [,680] [,681] [,682] [,683] [,684] [,685] [,686] [,687] [,688] [,689] [,690] [,691] [,692] [,693] [,694] [,695] [,696]
   [1,]      0      0      0      0      0      0      0      0      0      0      0      0      0      0      0      0      0      0      0      0      0      0
        [,697] [,698] [,699] [,700] [,701] [,702] [,703] [,704] [,705] [,706] [,707] [,708] [,709] [,710] [,711] [,712] [,713] [,714] [,715] [,716] [,717] [,718]
   [1,]      0      0      0      0      1      0      0      0      0      0      0      0      0      0      0      0      0      0      0      0      0      0
        [,719] [,720] [,721] [,722] [,723] [,724] [,725] [,726] [,727] [,728] [,729] [,730] [,731] [,732] [,733] [,734] [,735] [,736] [,737] [,738] [,739] [,740]
   [1,]      0      0      0      0      0      0      0      0      0      0      0      0      0      0      0      0      0      0      0      0      0      0
        [,741] [,742] [,743] [,744] [,745] [,746] [,747] [,748] [,749] [,750] [,751] [,752] [,753] [,754] [,755] [,756] [,757] [,758] [,759] [,760] [,761] [,762]
   [1,]      0      0      0      0      0      0      0      0      0      0      0      0      0      0      0      0      0      0      0      0      0      0
        [,763] [,764] [,765] [,766] [,767] [,768] [,769] [,770] [,771] [,772] [,773] [,774] [,775] [,776] [,777] [,778] [,779] [,780] [,781] [,782] [,783] [,784]
   [1,]      0      0      0      0      0      0      0      0      0      0      0      0      0      0      0      0      0      0      0      0      0      0
        [,785] [,786] [,787] [,788] [,789] [,790] [,791] [,792] [,793] [,794] [,795] [,796] [,797] [,798] [,799] [,800] [,801] [,802] [,803] [,804] [,805] [,806]
   [1,]      0      0      0      0      0      0      0      0      0      0      0      0      0      0      0      0      0      0      0      0      0      0
        [,807] [,808] [,809] [,810] [,811] [,812] [,813] [,814] [,815] [,816] [,817] [,818] [,819] [,820] [,821] [,822] [,823] [,824] [,825] [,826] [,827] [,828]
   [1,]      0      0      0      0      0      0      0      0      0      0      0      0      0      0      0      0      0      0      0      0      0      0
        [,829] [,830] [,831] [,832] [,833] [,834] [,835] [,836] [,837] [,838] [,839] [,840] [,841] [,842] [,843] [,844] [,845] [,846] [,847] [,848] [,849] [,850]
   [1,]      0      0      0      0      0      0      0      0      0      0      0      0      0      0      0      0      0      0      0      0      0      0
        [,851] [,852] [,853] [,854] [,855] [,856] [,857] [,858] [,859] [,860] [,861] [,862] [,863] [,864] [,865] [,866] [,867] [,868] [,869] [,870] [,871] [,872]
   [1,]      0      0      0      0      0      0      0      0      0      0      0      0      0      0      0      0      0      0      0      0      0      0
        [,873] [,874] [,875] [,876] [,877] [,878] [,879] [,880] [,881] [,882] [,883] [,884] [,885] [,886] [,887] [,888] [,889] [,890] [,891] [,892] [,893] [,894]
   [1,]      0      0      0      0      0      0      0      0      0      0      0      0      0      0      0      0      0      0      0      0      0      0
        [,895] [,896] [,897] [,898] [,899] [,900] [,901] [,902] [,903] [,904] [,905] [,906] [,907] [,908] [,909] [,910] [,911] [,912] [,913] [,914] [,915] [,916]
   [1,]      0      0      0      0      0      0      0      0      0      0      0      0      0      0      0      0      0      0      0      0      0      0
        [,917] [,918] [,919] [,920] [,921] [,922] [,923] [,924] [,925] [,926] [,927] [,928] [,929] [,930] [,931] [,932] [,933] [,934] [,935] [,936] [,937] [,938]
   [1,]      0      0      0      0      0      0      0      0      0      0      0      0      0      0      0      0      0      0      0      0      0      0
        [,939] [,940] [,941] [,942] [,943] [,944] [,945] [,946] [,947] [,948] [,949] [,950] [,951] [,952] [,953] [,954] [,955] [,956] [,957] [,958] [,959] [,960]
   [1,]      0      0      0      0      0      0      0      0      0      0      0      0      0      0      0      0      0      0      0      0      0      0
        [,961] [,962] [,963] [,964] [,965] [,966] [,967] [,968] [,969] [,970] [,971] [,972] [,973] [,974] [,975] [,976] [,977] [,978] [,979] [,980] [,981] [,982]
   [1,]      0      0      0      0      0      0      0      0      0      0      0      0      0      0      0      0      0      0      0      0      0      0
        [,983] [,984] [,985] [,986] [,987] [,988] [,989] [,990] [,991] [,992] [,993] [,994] [,995] [,996] [,997] [,998] [,999] [,1000]
   [1,]      0      0      0      0      0      0      0      0      0      0      0      0      0      0      0      0      0       0
 [ reached 'max' / getOption("max.print") -- omitted 1191 rows and 478 columns ]

Slot "lowbnd":
   [1]     0 -1000 -1000 -1000 -1000     0 -1000 -1000 -1000 -1000 -1000 -1000     0     0     0     0     0     0     0     0     0     0     0     0     0     0
  [27]     0     0     0     0     0     0 -1000 -1000 -1000 -1000 -1000 -1000 -1000 -1000 -1000 -1000 -1000 -1000 -1000 -1000 -1000 -1000 -1000 -1000 -1000 -1000
  [53] -1000 -1000 -1000 -1000 -1000 -1000 -1000 -1000     0     0     0     0     0     0     0     0     0     0     0     0     0     0     0     0     0     0
  [79]     0     0     0     0     0     0     0     0 -1000 -1000 -1000     0     0 -1000     0     0     0 -1000 -1000     0     0 -1000     0     0     0 -1000
 [105] -1000     0 -1000 -1000 -1000 -1000 -1000 -1000     0     0     0 -1000     0     0     0     0 -1000 -1000     0 -1000     0     0     0     0     0     0
 [131]     0     0     0     0     0     0     0 -1000     0 -1000 -1000 -1000 -1000     0     0     0 -1000     0     0     0     0     0     0 -1000 -1000 -1000
 [157] -1000 -1000 -1000 -1000 -1000 -1000 -1000 -1000     0     0     0     0     0     0 -1000 -1000     0     0     0     0     0     0     0     0     0     0
 [183]     0 -1000 -1000 -1000     0     0 -1000 -1000 -1000 -1000 -1000 -1000     0     0     0 -1000     0 -1000 -1000     0 -1000     0 -1000     0 -1000     0
 [209] -1000     0     0 -1000 -1000 -1000     0 -1000 -1000 -1000     0     0     0     0 -1000     0     0     0     0     0     0     0 -1000     0 -1000 -1000
 [235]     0 -1000     0     0     0     0     0     0     0     0 -1000 -1000     0 -1000     0     0     0     0     0 -1000     0 -1000     0     0     0 -1000
 [261]     0     0     0     0     0     0 -1000     0     0     0     0     0     0     0     0 -1000 -1000     0     0     0 -1000 -1000     0 -1000 -1000 -1000
 [287]     0 -1000     0     0 -1000     0     0     0 -1000     0     0     0     0     0     0     0     0 -1000 -1000 -1000 -1000 -1000 -1000 -1000 -1000 -1000
 [313]     0 -1000 -1000     0     0     0     0     0     0     0 -1000     0     0 -1000     0     0     0     0     0     0     0     0 -1000     0     0     0
 [339] -1000     0     0     0     0     0     0 -1000 -1000 -1000 -1000     0     0     0 -1000     0     0     0     0     0     0     0 -1000     0     0 -1000
 [365] -1000     0     0     0     0     0     0     0     0     0     0     0     0     0     0     0     0     0     0     0 -1000     0     0 -1000     0     0
 [391]     0     0     0 -1000     0 -1000     0     0     0     0 -1000     0 -1000 -1000     0     0     0     0     0     0     0     0 -1000     0     0     0
 [417]     0     0     0     0     0     0     0 -1000     0     0     0     0     0     0     0     0     0     0     0     0     0     0     0     0     0     0
 [443]     0     0     0 -1000     0     0     0     0     0     0     0     0 -1000     0 -1000     0     0 -1000     0     0 -1000     0 -1000     0 -1000 -1000
 [469]     0     0     0     0     0     0     0     0     0     0     0     0     0     0     0     0     0     0     0     0 -1000 -1000 -1000     0 -1000     0
 [495]     0 -1000 -1000 -1000 -1000 -1000 -1000 -1000 -1000 -1000 -1000 -1000 -1000 -1000 -1000 -1000 -1000 -1000 -1000 -1000 -1000 -1000 -1000 -1000 -1000 -1000
 [521] -1000 -1000 -1000 -1000 -1000 -1000 -1000 -1000 -1000 -1000 -1000 -1000 -1000 -1000 -1000 -1000 -1000 -1000 -1000 -1000 -1000 -1000 -1000 -1000 -1000 -1000
 [547] -1000 -1000 -1000 -1000 -1000 -1000 -1000 -1000 -1000 -1000 -1000 -1000 -1000 -1000 -1000 -1000 -1000 -1000 -1000 -1000 -1000 -1000 -1000 -1000 -1000 -1000
 [573] -1000 -1000 -1000 -1000 -1000 -1000 -1000 -1000 -1000 -1000 -1000 -1000 -1000 -1000 -1000 -1000 -1000 -1000 -1000 -1000 -1000 -1000 -1000 -1000 -1000 -1000
 [599] -1000 -1000 -1000 -1000 -1000 -1000 -1000 -1000 -1000 -1000 -1000 -1000 -1000 -1000 -1000 -1000 -1000 -1000 -1000 -1000 -1000 -1000 -1000 -1000 -1000 -1000
 [625] -1000 -1000 -1000 -1000 -1000 -1000 -1000 -1000 -1000 -1000 -1000 -1000 -1000 -1000 -1000 -1000 -1000 -1000 -1000 -1000 -1000 -1000 -1000 -1000 -1000 -1000
 [651] -1000 -1000 -1000 -1000 -1000 -1000 -1000 -1000 -1000 -1000 -1000 -1000 -1000 -1000 -1000 -1000 -1000 -1000 -1000 -1000 -1000 -1000 -1000 -1000 -1000 -1000
 [677] -1000 -1000 -1000 -1000 -1000 -1000 -1000 -1000 -1000 -1000     0     0     0 -1000     0     0     0     0     0     0     0     0 -1000 -1000     0     0
 [703]     0     0     0     0     0 -1000     0     0 -1000     0 -1000     0 -1000     0 -1000     0     0     0     0     0     0     0     0     0     0     0
 [729]     0     0     0 -1000     0     0 -1000     0 -1000 -1000     0 -1000     0     0 -1000     0 -1000     0 -1000 -1000     0 -1000     0     0 -1000 -1000
 [755]     0     0 -1000 -1000 -1000 -1000 -1000 -1000     0     0     0     0     0     0     0     0     0     0 -1000 -1000     0 -1000     0     0     0     0
 [781] -1000     0 -1000     0 -1000     0     0     0     0     0     0     0     0     0 -1000 -1000     0 -1000     0     0 -1000     0 -1000     0 -1000     0
 [807] -1000     0 -1000     0     0     0     0     0     0     0     0     0     0     0     0     0 -1000 -1000 -1000 -1000 -1000 -1000 -1000     0     0 -1000
 [833]     0     0     0     0     0     0     0     0     0     0 -1000     0     0     0     0     0 -1000     0 -1000 -1000 -1000     0     0 -1000     0     0
 [859]     0     0     0     0 -1000     0 -1000     0     0     0     0 -1000     0 -1000 -1000 -1000     0 -1000     0 -1000     0     0 -1000     0     0 -1000
 [885] -1000 -1000     0     0     0     0     0 -1000 -1000 -1000     0     0 -1000     0 -1000 -1000 -1000 -1000     0     0     0     0 -1000     0     0 -1000
 [911]     0 -1000     0     0 -1000     0 -1000 -1000     0 -1000     0     0     0     0     0     0     0     0     0     0     0     0     0     0     0     0
 [937]     0     0     0     0     0     0     0     0     0     0     0     0     0     0     0     0     0     0     0     0     0     0     0     0     0     0
 [963]     0     0     0 -1000     0     0     0 -1000     0 -1000     0     0     0     0     0     0     0 -1000     0 -1000     0     0     0 -1000 -1000 -1000
 [989]     0     0     0     0 -1000 -1000     0 -1000     0     0     0 -1000
 [ reached 'max' / getOption("max.print") -- omitted 478 entries ]

Slot "uppbnd":
   [1] 1000 1000 1000 1000 1000 1000 1000 1000 1000 1000 1000 1000 1000 1000 1000 1000 1000 1000 1000 1000 1000 1000 1000 1000 1000 1000 1000 1000 1000 1000 1000
  [32] 1000 1000 1000 1000 1000 1000 1000 1000 1000 1000 1000 1000 1000 1000 1000 1000 1000 1000 1000 1000 1000 1000 1000 1000 1000 1000 1000 1000 1000 1000 1000
  [63] 1000 1000 1000 1000 1000 1000 1000 1000 1000 1000 1000 1000 1000 1000 1000 1000 1000 1000 1000 1000 1000 1000 1000 1000 1000 1000 1000 1000 1000 1000 1000
  [94] 1000 1000 1000 1000 1000 1000 1000 1000 1000 1000 1000 1000 1000 1000 1000 1000 1000 1000 1000 1000 1000 1000 1000 1000 1000 1000 1000 1000 1000 1000 1000
 [125] 1000 1000 1000 1000 1000 1000 1000 1000 1000 1000 1000 1000 1000 1000 1000 1000 1000 1000 1000 1000 1000 1000 1000 1000 1000 1000 1000 1000 1000 1000 1000
 [156] 1000 1000 1000 1000 1000 1000 1000 1000 1000 1000 1000 1000 1000 1000 1000 1000 1000 1000 1000 1000 1000 1000 1000 1000 1000 1000 1000 1000 1000 1000 1000
 [187] 1000 1000 1000 1000 1000 1000 1000 1000 1000 1000 1000 1000 1000 1000 1000 1000 1000 1000 1000 1000 1000 1000 1000 1000 1000 1000 1000 1000 1000 1000 1000
 [218] 1000 1000 1000 1000 1000 1000 1000 1000 1000 1000 1000 1000 1000 1000 1000 1000 1000 1000 1000 1000 1000 1000 1000 1000 1000 1000 1000 1000 1000 1000 1000
 [249] 1000 1000 1000 1000 1000 1000 1000 1000 1000 1000 1000 1000 1000 1000 1000 1000 1000 1000 1000 1000 1000 1000 1000 1000 1000 1000 1000 1000 1000 1000 1000
 [280] 1000 1000 1000 1000 1000 1000 1000 1000 1000 1000 1000 1000 1000 1000 1000 1000 1000 1000 1000 1000 1000 1000 1000 1000 1000 1000 1000 1000 1000 1000 1000
 [311] 1000 1000 1000 1000 1000 1000 1000 1000 1000 1000 1000 1000 1000 1000 1000 1000 1000 1000 1000 1000 1000 1000 1000 1000 1000 1000 1000 1000 1000 1000 1000
 [342] 1000 1000 1000 1000 1000 1000 1000 1000 1000 1000 1000 1000 1000 1000 1000 1000 1000 1000 1000 1000 1000 1000 1000 1000 1000 1000 1000 1000 1000 1000 1000
 [373] 1000 1000 1000 1000 1000 1000 1000 1000 1000 1000 1000 1000 1000 1000 1000 1000 1000 1000 1000 1000 1000 1000 1000 1000 1000 1000 1000 1000 1000 1000 1000
 [404] 1000 1000 1000 1000 1000 1000 1000 1000 1000 1000 1000 1000 1000 1000 1000 1000 1000 1000 1000 1000 1000 1000 1000 1000 1000 1000 1000 1000 1000 1000 1000
 [435] 1000 1000 1000 1000 1000 1000 1000 1000 1000 1000 1000 1000 1000 1000 1000 1000 1000 1000 1000 1000 1000 1000 1000 1000 1000 1000 1000 1000 1000 1000 1000
 [466] 1000 1000 1000 1000 1000 1000 1000 1000 1000 1000 1000 1000 1000 1000 1000 1000 1000 1000 1000 1000 1000 1000 1000 1000 1000 1000 1000 1000 1000 1000 1000
 [497] 1000 1000 1000 1000 1000 1000 1000 1000 1000 1000 1000 1000 1000 1000 1000 1000 1000 1000 1000 1000 1000 1000 1000 1000 1000 1000 1000 1000 1000 1000 1000
 [528] 1000 1000 1000 1000 1000 1000 1000 1000 1000 1000 1000 1000 1000 1000 1000 1000 1000 1000 1000 1000 1000 1000 1000 1000 1000 1000 1000 1000 1000 1000 1000
 [559] 1000 1000 1000 1000 1000 1000 1000 1000 1000 1000 1000 1000 1000 1000 1000 1000 1000 1000 1000 1000 1000 1000 1000 1000 1000 1000 1000 1000 1000 1000 1000
 [590] 1000 1000 1000 1000 1000 1000 1000 1000 1000 1000 1000 1000 1000 1000 1000 1000 1000 1000 1000 1000 1000 1000 1000 1000 1000 1000 1000 1000 1000 1000 1000
 [621] 1000 1000 1000 1000 1000 1000 1000 1000 1000 1000 1000 1000 1000 1000 1000 1000 1000 1000 1000 1000 1000 1000 1000 1000 1000 1000 1000 1000 1000 1000 1000
 [652] 1000 1000 1000 1000 1000 1000 1000 1000 1000 1000 1000 1000 1000 1000 1000 1000 1000 1000 1000 1000 1000 1000 1000 1000 1000 1000 1000 1000 1000 1000 1000
 [683] 1000 1000 1000 1000 1000 1000 1000 1000 1000 1000 1000 1000 1000 1000 1000 1000 1000 1000 1000 1000 1000 1000 1000 1000 1000 1000 1000 1000 1000 1000 1000
 [714] 1000 1000 1000 1000 1000 1000 1000 1000 1000 1000 1000 1000 1000 1000 1000 1000 1000 1000 1000 1000 1000 1000 1000 1000 1000 1000 1000 1000 1000 1000 1000
 [745] 1000 1000 1000 1000 1000 1000 1000 1000 1000 1000 1000 1000 1000 1000 1000 1000 1000 1000 1000 1000 1000 1000 1000 1000 1000 1000 1000 1000 1000 1000 1000
 [776] 1000 1000 1000 1000 1000 1000 1000 1000 1000 1000 1000 1000 1000 1000 1000 1000 1000 1000 1000 1000 1000 1000 1000 1000 1000 1000 1000 1000 1000 1000 1000
 [807] 1000 1000 1000 1000 1000 1000 1000 1000 1000 1000 1000 1000 1000 1000 1000 1000 1000 1000 1000 1000 1000 1000 1000 1000 1000 1000 1000 1000 1000 1000 1000
 [838] 1000 1000 1000 1000 1000 1000 1000 1000 1000 1000 1000 1000 1000 1000 1000 1000 1000 1000 1000 1000 1000 1000 1000 1000 1000 1000 1000 1000 1000 1000 1000
 [869] 1000 1000 1000 1000 1000 1000 1000 1000 1000 1000 1000 1000 1000 1000 1000 1000 1000 1000 1000 1000 1000 1000 1000 1000 1000 1000 1000 1000 1000 1000 1000
 [900] 1000 1000 1000 1000 1000 1000 1000 1000 1000 1000 1000 1000 1000 1000 1000 1000 1000 1000 1000 1000 1000 1000 1000 1000 1000 1000 1000 1000 1000 1000 1000
 [931] 1000 1000 1000 1000 1000 1000 1000 1000 1000 1000 1000 1000 1000 1000 1000 1000 1000 1000 1000 1000 1000 1000 1000 1000 1000 1000 1000 1000 1000 1000 1000
 [962] 1000 1000 1000 1000 1000 1000 1000 1000 1000 1000 1000 1000 1000 1000 1000 1000 1000 1000 1000 1000 1000 1000 1000 1000 1000 1000 1000 1000 1000 1000 1000
 [993] 1000 1000 1000 1000 1000 1000 1000 1000
 [ reached 'max' / getOption("max.print") -- omitted 478 entries ]

Slot "obj_coef":
   [1] 0 0 0 0 0 0 0 0 0 0 0 0 0 0 0 0 0 0 0 0 0 0 0 0 0 0 0 0 0 0 0 0 0 0 0 0 0 0 0 0 0 0 0 0 0 0 0 0 0 0 0 0 0 0 0 0 0 0 0 0 0 0 0 0 0 0 0 0 0 0 0 0 0 0 0 0 0 0
  [79] 0 0 0 0 0 0 0 0 0 0 0 0 0 0 0 0 0 0 0 0 0 0 0 0 0 0 0 0 0 0 0 0 0 0 0 0 0 0 0 0 0 0 0 0 0 0 0 0 0 0 0 0 0 0 0 0 0 0 0 0 0 0 0 0 0 0 0 0 0 0 0 0 0 0 0 0 0 0
 [157] 0 0 0 0 0 0 0 0 0 0 0 0 0 0 0 0 0 0 0 0 0 0 0 0 0 0 0 0 0 0 0 0 0 0 0 0 0 0 0 0 0 0 0 0 0 0 0 0 0 0 0 0 0 0 0 0 0 0 0 0 0 0 0 0 0 0 0 0 0 0 0 0 0 0 0 0 0 0
 [235] 0 0 0 0 0 0 0 0 0 0 0 0 0 0 0 0 0 0 0 0 0 0 0 0 0 0 0 0 0 0 0 0 0 0 0 0 0 0 0 0 0 0 0 0 0 0 0 0 0 0 0 0 0 0 0 0 0 0 0 0 0 0 0 0 0 0 0 0 0 0 0 0 0 0 0 0 0 0
 [313] 0 0 0 0 0 0 0 0 0 0 0 0 0 0 0 0 0 0 0 0 0 0 0 0 0 0 0 0 0 0 0 0 0 0 0 0 0 0 0 0 0 0 0 0 0 0 0 0 0 0 0 0 0 0 0 0 0 0 0 0 0 0 0 0 0 0 0 0 0 0 0 0 0 0 0 0 0 0
 [391] 0 0 0 0 0 0 0 0 0 0 0 0 0 0 0 0 0 0 0 0 0 0 0 0 0 0 0 0 0 0 0 0 0 0 0 0 0 0 0 0 0 0 0 0 0 0 0 0 0 0 0 0 0 0 0 0 0 0 0 0 0 0 0 0 0 0 0 0 0 0 0 0 0 0 0 0 0 0
 [469] 0 0 0 0 0 0 0 0 0 0 0 0 0 0 0 0 0 0 0 0 0 0 0 0 0 0 0 0 0 0 0 0 0 0 0 0 0 0 0 0 0 0 0 0 0 0 0 0 0 0 0 0 0 0 0 0 0 0 0 0 0 0 0 0 0 0 0 0 0 0 0 0 0 0 0 0 0 0
 [547] 0 0 0 0 0 0 0 0 0 0 0 0 0 0 0 0 0 0 0 0 0 0 0 0 0 0 0 0 0 0 0 0 0 0 0 0 0 0 0 0 0 0 0 0 0 0 0 0 0 0 0 0 0 0 0 0 0 0 0 0 0 0 0 0 0 0 0 0 0 0 0 0 0 0 0 0 0 0
 [625] 0 0 0 0 0 0 0 0 0 0 0 0 0 0 0 0 0 0 0 0 0 0 0 0 0 0 0 0 0 0 0 0 0 0 0 0 0 0 0 0 0 0 0 0 0 0 0 0 0 0 0 0 0 0 0 0 0 0 0 0 0 0 0 0 0 0 0 0 0 0 0 0 0 0 0 0 0 0
 [703] 0 0 0 0 0 0 0 0 0 0 0 0 0 0 0 0 0 0 0 0 0 0 0 0 0 0 0 0 0 0 0 0 0 0 0 0 0 0 0 0 0 0 0 0 0 0 0 0 0 0 0 0 0 0 0 0 0 0 0 0 0 0 0 0 0 0 0 0 0 0 0 0 0 0 0 0 0 0
 [781] 0 0 0 0 0 0 0 0 0 0 0 0 0 0 0 0 0 0 0 0 0 0 0 0 0 0 0 0 0 0 0 0 0 0 0 0 0 0 0 0 0 0 0 0 0 0 0 0 0 0 0 0 0 0 0 0 0 0 0 0 0 0 0 0 0 0 0 0 0 0 0 0 0 0 0 0 0 0
 [859] 0 0 0 0 0 0 0 0 0 0 0 0 0 0 0 0 0 0 0 0 0 0 0 0 0 0 0 0 0 0 0 0 0 0 0 0 0 0 0 0 0 0 0 0 0 0 0 0 0 0 0 0 0 0 0 0 0 0 0 0 0 0 0 0 0 0 0 0 0 0 0 0 0 0 0 0 0 0
 [937] 0 0 0 0 0 0 0 0 0 0 0 0 0 0 0 0 0 0 0 0 0 0 0 0 0 0 0 0 0 0 0 0 0 0 0 0 0 0 0 0 0 0 0 0 0 0 0 0 0 0 0 0 0 0 0 0 0 0 0 0 0 0 0 0
 [ reached 'max' / getOption("max.print") -- omitted 478 entries ]

Slot "react_id":
   [1] "12PPDSDH"           "12PPDt"             "13PPDHr"            "13PPDt"             "23DHMPO"            "26DAPLLATi"         "26DAPt2r"          
   [8] "2AHBUTI"            "2IMZS"              "2MBCOATA"           "2S6HCC"             "3CARLPDH"           "3HAD100"            "3HAD10M12"         
  [15] "3HAD11M12"          "3HAD120"            "3HAD12M14"          "3HAD13M14"          "3HAD140"            "3HAD14M16"          "3HAD15M16"         
  [22] "3HAD160"            "3HAD180"            "3HAD40"             "3HAD4M6"            "3HAD5M6"            "3HAD60"             "3HAD6M8"           
  [29] "3HAD7M8"            "3HAD80"             "3HAD8M10"           "3HAD9M10"           "3HBCOAE"            "3MOBS"              "3OAR100"           
  [36] "3OAR10M11"          "3OAR10M12"          "3OAR11M12"          "3OAR120"            "3OAR12M13"          "3OAR12M14"          "3OAR13M14"         
  [43] "3OAR140"            "3OAR14M15"          "3OAR14M16"          "3OAR15M16"          "3OAR160"            "3OAR180"            "3OAR40"            
  [50] "3OAR4M5"            "3OAR4M6"            "3OAR5M6"            "3OAR60"             "3OAR6M7"            "3OAR6M8"            "3OAR7M8"           
  [57] "3OAR80"             "3OAR8M10"           "3OAR8M9"            "3OAR9M10"           "3OAS100"            "3OAS10M11"          "3OAS10M12"         
  [64] "3OAS11M12"          "3OAS120"            "3OAS12M13"          "3OAS12M14"          "3OAS13M14"          "3OAS140"            "3OAS160"           
  [71] "3OAS180"            "3OAS2M3"            "3OAS3M4"            "3OAS4M3O6"          "3OAS4M5"            "3OAS4M6"            "3OAS5M6"           
  [78] "3OAS60"             "3OAS6M7"            "3OAS6M8"            "3OAS7M8"            "3OAS80"             "3OAS8M10"           "3OAS8M9"           
  [85] "3OAS9M10"           "4ABZt2"             "4HBNOX"             "4HTHDR"             "4HTHDS"             "4HTHRS"             "4NTPPH2"           
  [92] "56DFURADH"          "5AIZCDC"            "5C2O3EDDC"          "5DOAN"              "5FURAt"             "5MTHCYST"           "6PHBG"             
  [99] "6PHBG2"             "AACGLYDH"           "AACPS6"             "AB6PGH"             "AB6PGH2"            "ABTAr"              "ABTOXy"            
 [106] "ABUTD"              "ABUTR"              "ACACCTr"            "ACACT1r"            "ACACT2r"            "ACALD"              "ACALDt"            
 [113] "ACBIPGT"            "ACCOAC"             "ACCOACL"            "ACEDIPIT"           "ACGAMT"             "ACGApts"            "ACGK"              
 [120] "ACGS"               "ACHBPL"             "ACKr"               "ACLS_a"             "ACLS_b"             "ACNML"              "ACOAAGPAT140"      
 [127] "ACOAAGPAT160"       "ACOAAGPAT180"       "ACOAAGPATAI15"      "ACOAAGPATAI17"      "ACOAAGPATI14"       "ACOAAGPATI15"       "ACOAAGPATI16"      
 [134] "ACOAAGPATI17"       "ACOAD1i"            "ACOAD20"            "ACOADH2"            "ACOATA"             "ACOCT"              "ACODAr"            
 [141] "ACONTa"             "ACONTb"             "ACOTA"              "ACPS1"              "ACYP"               "ACYP_2"             "ACtr"              
 [148] "ADA"                "ADCL"               "ADCPS2"             "ADCS"               "ADCYRS"             "ADD"                "ADK1"              
 [155] "ADK10"              "ADK11"              "ADK2"               "ADK3"               "ADK5"               "ADK7"               "ADK8"              
 [162] "ADK9"               "ADMDCr"             "ADNCNT3tc"          "ADNCYC"             "ADOCBIK"            "ADOCBIK2"           "ADOCBLS"           
 [169] "ADOCBLabc"          "ADPT"               "ADSL1r"             "ADSL2r"             "ADSS"               "AEPPT"              "AGDC"              
 [176] "AGMT"               "AGPAT120"           "AGPAT140"           "AGPAT141"           "AGPAT160"           "AGPAT161"           "AGPAT180"          
 [183] "AGPAT181"           "AGPR"               "AHC"                "AHCYSNS_r"          "AHMMPS"             "AHSERL2"            "AHSERL3"           
 [190] "AICART"             "AIHDUDPMG"          "AIHDUPDG"           "AIHPDCOATA"         "AIPDCOATA"          "AIRC4"              "AKP1"              
 [197] "ALAALA"             "ALAASP1c"           "ALAASPabc"          "ALACI"              "ALAGLN1c"           "ALAGLNabc"          "ALAGLU1c"          
 [204] "ALAGLUabc"          "ALAGLY1c"           "ALAGLYabc"          "ALAHIS1c"           "ALAHISabc"          "ALALEU1c"           "ALALEUabc"         
 [211] "ALAPGPL"            "ALAR"               "ALATA_D"            "ALATHR1c"           "ALATHRabc"          "ALAt2r"             "ALCD19"            
 [218] "ALCD2x"             "ALDD2x"             "ALKP"               "ALKP_R788e"         "ALLTN"              "ALLTNt2r"           "ALPHNH"            
 [225] "ALTRH"              "AMAA"               "AMALT1"             "AMALT2"             "AMALT3"             "AMALT4"             "AMANAPEr"          
 [232] "AMANK"              "AMAOTr"             "AMMQT8r"            "AMPMS3"             "AMPSO3OX"           "AMPTASECG"          "AMPTASEGC"         
 [239] "AMY1e"              "AMY2e"              "ANPRT"              "ANS"                "ANS2"               "AOBUTDs"            "AOXSr"             
 [246] "APAT"               "APRAUR"             "ARAI"               "ARBTpts"            "ARBabc"             "ARGDA"              "ARGDC"             
 [253] "ARGN"               "ARGSL"              "ARGSS"              "ASAD"               "ASCBPL"             "ASNS1"              "ASNS2"             
 [260] "ASNt2r"             "ASP1DC"             "ASPCT"              "ASPKi"              "ASPO1"              "ASPO6"              "ASPT"              
 [267] "ASPTA"              "ATPPRT"             "ATPS4"              "BACCLi"             "BETALDHx"           "BETALDHy"           "BGLA"              
 [274] "BGLA1"              "BPNT"               "BTCOADH"            "BTDD_RR"            "BTNCLi"             "BTNabc"             "BUP2"              
 [281] "BUTCTr"             "BUTKr"              "BUTSO3abc"          "BUTt2r"             "CADVt"              "CAP_NR"             "CAt4i"             
 [288] "CBIAT"              "CBL1abc"            "CBL2abc"            "CBLAT"              "CBPS"               "CD2abc1"            "CDPGHL"            
 [295] "CDPGLYCGPT"         "CDPMEK"             "CELBpts"            "CGLYabc"            "CHCOAL"             "CHORM"              "CHORS"             
 [302] "CHRPL"              "CITRAMALS"          "CLPNS140"           "CLPNS160"           "CLPNS180"           "CLPNSAI15"          "CLPNSAI17"         
 [309] "CLPNSI14"           "CLPNSI15"           "CLPNSI16"           "CLPNSI17"           "CMLDC"              "CO2t"               "COBALTt5"          
 [316] "CPC2MT"             "CPC3MT"             "CPC4MT"             "CPC5MT"             "CPC5MT2"            "CPC6MT"             "CPC6R"             
 [323] "CPC8MM"             "CPPPGO"             "CPPPGO2"            "CRO4t3"             "CS"                 "CSNt2"              "CTPS1"             
 [330] "CTPS2"              "CYRDAAT"            "CYRDAS"             "CYSDS"              "CYSS"               "CYSS3r"             "CYSTGL"            
 [337] "CYSTL"              "CYSTS"              "CYSt2r"             "CYTBD"              "CYTD"               "CYTDK1"             "CYTDK2"            
 [344] "CYTDK3"             "CYTDK4"             "CYTDt2r"            "CYTK1"              "CYTK2"              "CZP_NR"             "Cuabc"             
 [351] "Cut1"               "DADA"               "DADNt2r"            "DAGK120"            "DAGK140"            "DAGK141"            "DAGK160"           
 [358] "DAGK161"            "DAGK180"            "DAGK181"            "DALAt2r"            "DAPDAi"             "DAPDC"              "DAPE"              
 [365] "DAPMDH"             "DASYN120"           "DASYN140"           "DASYN141"           "DASYN160"           "DASYN161"           "DASYN180"          
 [372] "DASYN181"           "DASYNAI15"          "DASYNAI17"          "DASYNI14"           "DASYNI15"           "DASYNI16"           "DASYNI17"          
 [379] "DB4PS"              "DBTS"               "DCMPDAi"            "DCTPD"              "DCTPD2"             "DCYTD"              "DCYTt2r"           
 [386] "DDGLK"              "DDPA"               "DDPGA"              "DEXTRINASE"         "DEXTRINabc"         "DFDCYTDD"           "DFDCYTDabc"        
 [393] "DFDURIte"           "DGK1"               "DGSNt2"             "DH5FURAt"           "DHAD1"              "DHAD2"              "DHAK"              
 [400] "DHAPT"              "DHDPRyr"            "DHDPS"              "DHFOR2"             "DHFR"               "DHFS"               "DHNAOT"            
 [407] "DHNPA"              "DHORD2"             "DHORD5"             "DHORDfum"           "DHORDi"             "DHORDnad"           "DHORTS"            
 [414] "DHPM1"              "DHPM2"              "DHPPDA"             "DHPPDA2"            "DHPS"               "DHQS"               "DHQTi"             
 [421] "DINSt2"             "DMATT"              "DMPPS"              "DMPPS2r"            "DMQMT"              "DM_2HYMEPH"         "DM_2obut_c"        
 [428] "DM_4HBA"            "DM_5DRIB"           "DM_5MTR"            "DM_AMOB"            "DM_GCALD"           "DM_HQN"             "DM_NA1"            
 [435] "DM_atp_c"           "DM_btn"             "DM_clpn140_c"       "DM_clpn160_c"       "DM_clpn180_c"       "DM_clpnai15_c"      "DM_clpnai17_c"     
 [442] "DM_clpni15_c"       "DM_clpni16_c"       "DM_clpni17_c"       "DM_dad_5"           "DM_dhptd_c"         "DM_teich__45__BS_c" "DM_this_c"         
 [449] "DNMPPA"             "DNTPPA"             "DPCOAK"             "DPR"                "DRBK"               "DRIBabc"            "DRPAr"             
 [456] "DTMPK"              "DURAD2"             "DURADi"             "DURIK1"             "DURIPP"             "DURIt2"             "DUTPDP"            
 [463] "DXPRIr"             "DXPS"               "DXYTST"             "D_LACD"             "D_LACt2"            "E4PD"               "EAR100x"           
 [470] "EAR10M12x"          "EAR11M12x"          "EAR120x"            "EAR12M14x"          "EAR13M14x"          "EAR140x"            "EAR14M16x"         
 [477] "EAR15M16x"          "EAR160x"            "EAR180x"            "EAR40x"             "EAR4M6x"            "EAR5M6x"            "EAR60x"            
 [484] "EAR6M8x"            "EAR7M8x"            "EAR80x"             "EAR8M10x"           "EAR9M10x"           "ECOAH1"             "ECOAH1R"           
 [491] "EDA_R"              "EHGLAT"             "ENO"                "ETHAAL"             "ETHSO3abc"          "ETOHt2r"            "EX_12ppd__S_e"     
 [498] "EX_13ppd_e"         "EX_15dap_e"         "EX_26dap__M_e"      "EX_4abz_e"          "EX_5fura_e"         "EX_7a__czp_e"       "EX_Lcyst_e"        
 [505] "EX_Tyr__ggn_e"      "EX_ac_e"            "EX_acald_e"         "EX_acgam_e"         "EX_adn_e"           "EX_adocbl_e"        "EX_ala__D_e"       
 [512] "EX_ala__L_e"        "EX_alaasp_e"        "EX_alagln_e"        "EX_alaglu_e"        "EX_alagly_e"        "EX_alahis_e"        "EX_alaleu_e"       
 [519] "EX_alathr_e"        "EX_alltn_e"         "EX_anzp_e"          "EX_arab__L_e"       "EX_arbt_e"          "EX_asn__L_e"        "EX_biomass_e"      
 [526] "EX_btn_e"           "EX_but_e"           "EX_butso3_e"        "EX_ca2_e"           "EX_cbl1_e"          "EX_cbl2_e"          "EX_cd2_e"          
 [533] "EX_cellb_e"         "EX_cgly_e"          "EX_chlphncl_e"      "EX_cl_e"            "EX_co2_e"           "EX_cobalt2_e"       "EX_cro4_e"         
 [540] "EX_csn_e"           "EX_cu2_e"           "EX_cys__L_e"        "EX_cytd_e"          "EX_czp_e"           "EX_dad__2_e"        "EX_dcyt_e"         
 [547] "EX_dextrin_e"       "EX_dfdcytd_e"       "EX_dfduri_e"        "EX_dgsn_e"          "EX_dh5fura_e"       "EX_din_e"           "EX_drib_e"         
 [554] "EX_duri_e"          "EX_ethso3_e"        "EX_etoh_e"          "EX_fe2_e"           "EX_fe3_e"           "EX_fecrm_e"         "EX_fol_e"          
 [561] "EX_for_e"           "EX_fru_e"           "EX_fuc1p__L_e"      "EX_fum_e"           "EX_g6p_e"           "EX_gal_e"           "EX_galt_e"         
 [568] "EX_galur_e"         "EX_gam_e"           "EX_glc__D_e"        "EX_gln__L_e"        "EX_glu__L_e"        "EX_gly_e"           "EX_glyasn_e"       
 [575] "EX_glyasp_e"        "EX_glyb_e"          "EX_glyc_e"          "EX_glyc3p_e"        "EX_glycys_e"        "EX_glygln_e"        "EX_glyglu_e"       
 [582] "EX_glygn2_e"        "EX_glygn4_e"        "EX_glygn5_e"        "EX_glyleu_e"        "EX_glymet_e"        "EX_glyphe_e"        "EX_glypro_e"       
 [589] "EX_glytyr_e"        "EX_gua_e"           "EX_h_e"             "EX_h2_e"            "EX_h2o_e"           "EX_h2s_e"           "EX_hexs_e"         
 [596] "EX_hg2_e"           "EX_hxan_e"          "EX_ile__L_e"        "EX_ins_e"           "EX_isetac_e"        "EX_k_e"             "EX_kesto_e"        
 [603] "EX_kestopt_e"       "EX_kestottr_e"      "EX_lac__D_e"        "EX_lac__L_e"        "EX_lactl_e"         "EX_lcts_e"          "EX_leu__L_e"       
 [610] "EX_lys__L_e"        "EX_malt_e"          "EX_malthx_e"        "EX_malttr_e"        "EX_man_e"           "EX_man6p_e"         "EX_mantr_e"        
 [617] "EX_melib_e"         "EX_meoh_e"          "EX_met__D_e"        "EX_met__L_e"        "EX_metala_e"        "EX_metsox__S__L_e"  "EX_mg2_e"          
 [624] "EX_mn2_e"           "EX_mnl_e"           "EX_mobd_e"          "EX_mops_e"          "EX_mqn8_e"          "EX_mso3_e"          "EX_n2_e"           
 [631] "EX_na1_e"           "EX_nac_e"           "EX_nchlphncl_e"     "EX_nh4_e"           "EX_no2_e"           "EX_no3_e"           "EX_nzp_e"          
 [638] "EX_o2_e"            "EX_ocdca_e"         "EX_orot_e"          "EX_pb_e"            "EX_pcresol_e"       "EX_pect_e"          "EX_phe__L_e"       
 [645] "EX_pi_e"            "EX_pime_e"          "EX_pnto__R_e"       "EX_ppal_e"          "EX_ppi_e"           "EX_pro__L_e"        "EX_ptrc_e"         
 [652] "EX_pydxn_e"         "EX_pyr_e"           "EX_r406_e"          "EX_r788_e"          "EX_raffin_e"        "EX_rib__D_e"        "EX_ribflv_e"       
 [659] "EX_salcn_e"         "EX_sbt__D_e"        "EX_sheme_e"         "EX_so4_e"           "EX_spmd_e"          "EX_strch1_e"        "EX_strch2_e"       
 [666] "EX_stys_e"          "EX_succ_e"          "EX_sucr_e"          "EX_sulfac_e"        "EX_taur_e"          "EX_thm_e"           "EX_thymd_e"        
 [673] "EX_tre_e"           "EX_trp__L_e"        "EX_tsul_e"          "EX_ura_e"           "EX_urea_e"          "EX_uri_e"           "EX_val__L_e"       
 [680] "EX_xan_e"           "EX_xyl__D_e"        "EX_zn2_e"           "F1PPt"              "FBA"                "FBA2"               "FBA3"              
 [687] "FBP"                "FCLTc"              "FDH"                "FDNADOX_H"          "FE2abc"             "FE3abc"             "FECRMabc"          
 [694] "FFSD"               "FMNAT"              "FOLABCCte"          "FOLD3"              "FOLabc"             "FORTHFC"            "FORt"              
 [701] "FPGS7"              "FPGS_tm"            "FRD2"               "FRD3"               "FRD7"               "FRUK"               "FRUpts"            
 [708] "FRUt2r"             "FTHFCL"             "FTHFL"              "FUM"                "FUMt2"              "FXXRDO"             "G1PACT"            
 [715] "G1PCT"              "G1PTT"              "G1SAT"              "G3PAT120"           "G3PAT140"           "G3PAT141"           "G3PAT160"          
 [722] "G3PAT161"           "G3PAT180"           "G3PAT181"           "G3PATAI15"          "G3PATAI17"          "G3PATI14"           "G3PATI15"          
 [729] "G3PATI16"           "G3PATI17"           "G3PCT"              "G3PD1"              "G3PD2"              "G5SADs"             "G5SDr"             
 [736] "G6PDA"              "G6PI"               "G6PI3"              "G6Pt6_2"            "GAL6PI"             "GALASE_LACTL"       "GALK"              
 [743] "GALM1r"             "GALS3"              "GALT"               "GALTpts"            "GALU"               "GALURt2r"           "GALabc"            
 [750] "GALt1r"             "GAMYe"              "GAMpts"             "GAPD"               "GAPD_NADP"          "GARFTi"             "GF6PTA"            
 [757] "GHMT2r"             "GK1"                "GK2"                "GLCP3"              "GLCS3"              "GLCTR4r"            "GLCabc"            
 [764] "GLCpts"             "GLGC"               "GLNS"               "GLNSP1"             "GLNSP2"             "GLNSP3"             "GLNabc"            
 [771] "GLU5K"              "GLUCYS"             "GLUDy"              "GLUOX"              "GLUPRT"             "GLUR"               "GLUSx"             
 [778] "GLUSy"              "GLUTRR"             "GLUTRS"             "GLUt2r"             "GLXO1"              "GLYASN1c"           "GLYASNabc"         
 [785] "GLYASP1c"           "GLYASPabc"          "GLYBabc"            "GLYC3Pabc"          "GLYCDx"             "GLYCTO1"            "GLYCTO2"           
 [792] "GLYCTO3"            "GLYCTO4"            "GLYCYSabc"          "GLYCt"              "GLYGLN1c"           "GLYGLNabc"          "GLYGLU1c"          
 [799] "GLYGLUabc"          "GLYK"               "GLYLEUHYDROc"       "GLYLEUPEPT1tc"      "GLYMET1c"           "GLYMETabc"          "GLYPHEHYc"         
 [806] "GLYPHEabc"          "GLYPROPRO1c"        "GLYPROabc"          "GLYTYR1c"           "GLYTYRabc"          "GMPS2"              "GPDDA1"            
 [813] "GPDDA2"             "GPDDA4"             "GRTT"               "GTHS"               "GTPCI"              "GTPCII"             "GTPDPK"            
 [820] "GUAD"               "GUAPRT"             "GUAt2"              "GUI1"               "GUI2"               "H2CO3D"             "H2Ot"              
 [827] "H2St"               "H2td"               "HACD1"              "HBZOPT"             "HCITS"              "HDG3PACT"           "HETT"              
 [834] "HETZK"              "HEX1"               "HEX4"               "HEX7"               "HEXSabc"            "HEXTT"              "HEXb"              
 [841] "HG2abc"             "HISTD"              "HISTDOX"            "HISTLOX"            "HISTP"              "HKt"                "HMBS"              
 [848] "HMPK1"              "HMR_7137"           "HPPK"               "HSDx"               "HSDy"               "HSERTA"             "HSK"               
 [855] "HSST"               "HSTPTr"             "HXAND"              "HXPRT"              "HYD4"               "HYXNti"             "IAHDGK"            
 [862] "IAPDGK"             "IBCOATA"            "ICDHy"              "ICHORS"             "ICHORT"             "IG3PS"              "IGPDH"             
 [869] "IGPS"               "IHDCOATA"           "IHDGK"              "IHDUDPG"            "IHDUDPMG"           "IHPDCOATA"          "IHXDGK"            
 [876] "ILETA"              "ILEabc"             "ILEt2r"             "ILEt4"              "IMACTD"             "IMPC"               "IMPD"              
 [883] "INS2D"              "INSt2"              "IPDCOATA"           "IPDDI"              "IPDGK"              "IPDPS"              "IPDPS2"            
 [890] "IPFPHS"             "IPMD2"              "IPMDr"              "IPPMIa"             "IPPMIb"             "ISETACabc"          "ISOMALT"           
 [897] "ITDCOATA"           "ITDGK"              "IVCOATA"            "KARA1"              "KARA2"              "KARA3"              "KAS14"             
 [904] "KESTOASEe"          "KESTOPTASEe"        "KESTOTTRASEe"       "Kt1r"               "Kt3"                "L2A6ODs"            "LACTLt"            
 [911] "LACZ"               "LARGNAT"            "LCTSabc"            "LCYSTabc"           "LDH_D"              "LDH_D2"             "LDH_L"             
 [918] "LEUTA"              "LEUabc"             "LEUt2r"             "LEUt4"              "LGTHL"              "LPLIPAL1A120"       "LPLIPAL1A140"      
 [925] "LPLIPAL1A141"       "LPLIPAL1A160"       "LPLIPAL1A161"       "LPLIPAL1A180"       "LPLIPAL1A181"       "LPLIPAL1E120"       "LPLIPAL1E140"      
 [932] "LPLIPAL1E141"       "LPLIPAL1E160"       "LPLIPAL1E161"       "LPLIPAL1E180"       "LPLIPAL1E181"       "LPLIPAL1G120"       "LPLIPAL1G140"      
 [939] "LPLIPAL1G141"       "LPLIPAL1G160"       "LPLIPAL1G161"       "LPLIPAL1G180"       "LPLIPAL1G181"       "LPLIPAL2A120"       "LPLIPAL2A140"      
 [946] "LPLIPAL2A141"       "LPLIPAL2A160"       "LPLIPAL2A161"       "LPLIPAL2A180"       "LPLIPAL2A181"       "LPLIPAL2E120"       "LPLIPAL2E140"      
 [953] "LPLIPAL2E141"       "LPLIPAL2E160"       "LPLIPAL2E161"       "LPLIPAL2E180"       "LPLIPAL2E181"       "LPLIPAL2G120"       "LPLIPAL2G140"      
 [960] "LPLIPAL2G141"       "LPLIPAL2G160"       "LPLIPAL2G161"       "LPLIPAL2G180"       "LPLIPAL2G181"       "LYSDC"              "L_AROND"           
 [967] "L_LACD"             "L_LACD2"            "L_LACD3"            "L_LACt2r"           "L_TRPCOO"           "MADGBG"             "MALT"              
 [974] "MALT6PH"            "MALTHXabc"          "MALTTRabc"          "MALTabc"            "MALTpts"            "MAN1PT2"            "MAN6PI"            
 [981] "MAN6Pt6_2"          "MANA4"              "MANTRabc"           "MANabc"             "MANpts"             "MBDGBG"             "MCOATA"            
 [988] "MDH"                "ME2"                "MECDPDH2"           "MECDPS"             "MELIBabc"           "MELIBt2r"           "MEOHt2"            
 [995] "MEPCT"              "METALA1c"           "METALAabc"          "METAT"              "METDabc"            "METFR"             
 [ reached 'max' / getOption("max.print") -- omitted 478 entries ]

Slot "met_id":
                                                                                                                                                                
     "10fthf5glu_c"          "10fthf_c"    "10m3hddcaACP_c"   "10m3hundecACP_c"    "10m3oddcaACP_c"   "10m3oundecACP_c"      "10mddcaACP_c"   "10mtddec2eACP_c" 
                                                                                                                                                                
    "10mundecACP_c"    "11m3hddcaACP_c"    "11m3oddcaACP_c"      "11mddcaACP_c"   "11mtddec2eACP_c"     "12daihdglyc_c"     "12daipdglyc_c"        "12dgr120_c" 
                                                                                                                                                                
       "12dgr140_c"        "12dgr141_c"        "12dgr160_c"        "12dgr161_c"        "12dgr180_c"        "12dgr181_c"      "12dihdglyc_c"      "12dipdglyc_c" 
                                                                                                                                                                
     "12ditdglyc_c"      "12dixdglyc_c"    "12m3hmyrsACP_c"  "12m3htridecACP_c"    "12m3omyrsACP_c"  "12m3otridecACP_c"      "12mmyrsACP_c"    "12mtmrs2eACP_c" 
                                                                                                                                                                
   "12mtridecACP_c"        "12ppd__S_c"        "12ppd__S_e"           "13dpg_c"    "13m3hmyrsACP_c"    "13m3omyrsACP_c"      "13mmyrsACP_c"    "13mtmrs2eACP_c" 
                                                                                                                                                                
          "13ppd_c"           "13ppd_e"    "14m3hpalmACP_c" "14m3hpentdecACP_c"    "14m3opalmACP_c" "14m3opentdecACP_c"      "14mpalmACP_c"   "14mpentdecACP_c" 
                                                                                                                                                                
  "14mtpalm2eACP_c"           "15dap_c"           "15dap_e"    "15m3hpalmACP_c"    "15m3opalmACP_c"      "15mpalmACP_c"   "15mtpalm2eACP_c"        "1agpe120_c" 
                                                                                                                                                                
       "1agpe140_c"        "1agpe141_c"        "1agpe160_c"        "1agpe161_c"        "1agpe180_c"        "1agpe181_c"        "1agpg120_c"        "1agpg140_c" 
                                                                                                                                                                
       "1agpg141_c"        "1agpg160_c"        "1agpg161_c"        "1agpg180_c"        "1agpg181_c"     "1aihpdecg3p_c"      "1aipdecg3p_c"        "1ddecg3p_c" 
                                                                                                                                                                
     "1hdec9eg3p_c"        "1hdecg3p_c"       "1ihdecg3p_c"      "1ihpdecg3p_c"       "1ipdecg3p_c"       "1itdecg3p_c"     "1odec11eg3p_c"        "1odecg3p_c" 
                                                                                                                                                                
         "1pyr5c_c"      "1tdec7eg3p_c"        "1tdecg3p_c"          "23ddhb_c"          "23dhdp_c"          "23dhmb_c"          "23dhmp_c"          "25aics_c" 
                                                                                                                                                                
         "25dhpp_c"         "25drapp_c"       "26dap__LL_c"        "26dap__M_c"        "26dap__M_e"        "2agpe120_c"        "2agpe140_c"        "2agpe141_c" 
                                                                                                                                                                
       "2agpe160_c"        "2agpe161_c"        "2agpe180_c"        "2agpe181_c"        "2agpg120_c"        "2agpg140_c"        "2agpg141_c"        "2agpg160_c" 
                                                                                                                                                                
       "2agpg161_c"        "2agpg180_c"        "2agpg181_c"          "2ahbut_c"          "2ahhmd_c"          "2ahhmp_c"          "2ameph_c"          "2aobut_c" 
                                                                                                                                                                
        "2c25dho_c"       "2c4mthzep_c"          "2cpr5p_c"          "2dda7p_c"        "2ddecg3p_c"          "2ddg6p_c"         "2ddglcn_c"            "2dhp_c" 
                                                                                                                                                                
         "2dmmq8_c"         "2dmmql8_c"           "2dr1p_c"           "2dr5p_c"        "2h3oppan_c"      "2hdec9eg3p_c"        "2hdecg3p_c"         "2hh24dd_c" 
                                                                                                                                                                
        "2hymeph_c"            "2ins_c"           "2ippm_c"          "2mahmp_c"         "2mb2coa_c"          "2mbcoa_c"        "2mbutACP_c"           "2me4p_c" 
                                                                                                                                                                
         "2mecdp_c"           "2mmal_c"          "2mnptl_c"         "2mp2coa_c"       "2mpropACP_c"           "2obut_c"     "2odec11eg3p_c"        "2odecg3p_c" 
                                                                                                                                                                
          "2ohph_c"          "2ombzl_c"         "2omhmbl_c"          "2ommbl_c"           "2omph_c"            "2oph_c"         "2p4c2me_c"             "2pg_c" 
                                                                                                                                                                
         "2shchc_c"      "2tdec7eg3p_c"        "2tdecg3p_c"     "33hmeoxobut_c"           "34hpp_c"         "3aib__D_c"          "3c2hmp_c"          "3c3hmp_c" 
                                                                                                                                                                
         "3c4mop_c"        "3dhgulnp_c"            "3dhq_c"           "3dhsk_c"          "3h3mop_c"          "3haACP_c"          "3hbcoa_c"       "3hbcoa__R_c" 
                                                                                                                                                                
      "3hddecACP_c"        "3hdecACP_c"        "3hhexACP_c"        "3hmrsACP_c"        "3hoctACP_c"       "3hoctaACP_c"       "3hpalmACP_c"          "3hppnl_c" 
                                                                                                                                                                
          "3ig3p_c"        "3mbutACP_c"            "3mob_c"            "3mop_c"       "3oddecACP_c"        "3odecACP_c"          "3ohcoa_c"        "3ohexACP_c" 
                                                                                                                                                                
       "3omrsACP_c"        "3ooctACP_c"       "3ooctdACP_c"       "3opalmACP_c"           "3ophb_c"             "3pg_c"            "3php_c"           "3psme_c" 
                                                                                                                                                                
           "3uib_c"           "4abut_c"          "4abutn_c"            "4abz_c"            "4abz_e"          "4adcho_c"          "4ahmmp_c"           "4ampm_c" 
                                                                                                                                                                
          "4c2me_c"         "4h2oglt_c"            "4hba_c"            "4hbz_c"        "4hdxbutn_c"          "4hthdp_c"           "4hthr_c"      "4m3hhexACP_c" 
                                                                                                                                                                
    "4m3hpentACP_c"      "4m3ohexACP_c"     "4m3opentACP_c"          "4mhetz_c"        "4mhexACP_c"            "4mop_c"       "4mpentACP_c"          "4mpetz_c" 
                                                                                                                                                                
    "4mthex2eACP_c"           "4pasp_c"            "4per_c"           "4ppan_c"          "4ppcys_c"           "4r5au_c"          "56dthm_c"          "56dura_c" 
                                                                                                                                                                
          "5aizc_c"            "5aop_c"          "5aprbu_c"           "5apru_c"         "5c2o3ed_c"           "5drib_c"         "5forthf_c"           "5fthf_c" 
                                                                                                                                                                
          "5fura_c"           "5fura_e"      "5m3hhexACP_c"      "5m3ohexACP_c"        "5mhexACP_c"            "5mta_c"     "5mthex2eACP_c"           "5mthf_c" 
                                                                                                                                                                
        "5mthglu_c"            "5mtr_c"         "5odhf2a_c"         "5prdmbz_c"     "6m3hheptACP_c"       "6m3hocACP_c"     "6m3oheptACP_c"       "6m3oocACP_c" 
                                                                                                                                                                
      "6mheptACP_c"         "6mocACP_c"     "6mtoct2eACP_c"            "6pgg_c"         "7a__czp_c"         "7a__czp_e"       "7m3hocACP_c"       "7m3oocACP_c" 
                                                                                                                                                                
        "7mocACP_c"     "7mtoct2eACP_c"           "8aonn_c"      "8m3hdcaACP_c"      "8m3hnonACP_c"      "8m3odcaACP_c"      "8m3ononACP_c"        "8mdcaACP_c" 
                                                                                                                                                                
       "8mnonACP_c"     "8mtdec2eACP_c"      "9m3hdcaACP_c"      "9m3odcaACP_c"        "9mdcaACP_c"     "9mtdec2eACP_c"             "ACP_c"         "HC00695_c" 
                                                                                                                                                                
        "HC01104_c"         "HC01434_c"         "HC01435_c"         "HC01651_c"         "HC01652_c"         "HC01710_c"           "Largn_c"           "Lcyst_c" 
                                                                                                                                                                
          "Lcyst_e"          "M02469_c"      "Naccitr__L_c"             "PGP_c"           "PGPm1_c"        "Tyr__ggn_e"          "aacald_c"           "aacoa_c" 
                                                                                                                                                                
           "aact_c"             "abt_c"           "acACP_c"              "ac_c"              "ac_e"            "acac_c"           "acald_c"           "acald_e" 
                                                                                                                                                                
        "acamoxm_c"   "acbdma14gapuc_c"           "accoa_c"           "acg5p_c"          "acg5sa_c"         "acgam1p_c"         "acgam6p_c"           "acgam_e" 
                                                                                                                                                                
          "acglu_c"           "achms_c"           "acmam_c"          "acmama_c"          "acmana_c"         "acmanap_c"           "acnam_c"         "acon__C_c" 
                                                                                                                                                                
          "acorn_c"           "acser_c"          "actACP_c"         "actn__R_c"         "actn__S_c"            "actp_c"        "adcobdam_c"        "adcobhex_c" 
                                                                                                                                                                
            "ade_c"             "adn_c"             "adn_e"          "adocbi_c"         "adocbip_c"          "adocbl_c"          "adocbl_e"             "adp_c" 
                                                                                                                                                                
         "adpglc_c"         "agdpcbi_c"             "agm_c"           "ahcys_c"            "ahdt_c"        "ai15tca1_c"    "ai15tcaacgam_c"   "ai15tcaala__D_c" 
                                                                                                                                                                
       "ai17tca1_c"    "ai17tcaacgam_c"   "ai17tcaala__D_c"      "ai17tcaglc_c"           "aicar_c"        "aihpdcoa_c"         "aipdcoa_c"             "air_c" 
                                                                                                                                                                
            "akg_c"          "ala__B_c"          "ala__D_c"          "ala__D_e"          "ala__L_c"          "ala__L_e"          "alaala_c"          "alaasp_c" 
                                                                                                                                                                
         "alaasp_e"         "alac__S_c"          "alagln_c"          "alagln_e"          "alaglu_c"          "alaglu_e"          "alagly_c"          "alagly_e" 
                                                                                                                                                                
         "alahis_c"          "alahis_e"          "alaleu_c"          "alaleu_e"          "alathr_c"          "alathr_e"          "allphn_c"           "alltn_c" 
                                                                                                                                                                
          "alltn_e"           "alltt_c"           "altrn_c"            "amet_c"          "ametam_c"            "amob_c"             "amp_c"            "anth_c" 
                                                                                                                                                                
           "anzp_c"            "anzp_e"          "apoACP_c"  "apoC__Lys__btn_c"           "applp_c"             "aps_c"         "arab__L_c"         "arab__L_e" 
                                                                                                                                                                
         "arbt6p_c"            "arbt_e"          "arg__L_c"          "argsuc_c"          "ascb6p_c"          "asn__L_c"          "asn__L_e"          "asp__L_c" 
                                                                                                                                                                
          "aspsa_c"           "athis_c"             "atp_c"           "b2coa_c"          "betald_c"         "biomass_c"           "btamp_c"           "btcoa_c" 
                                                                                                                                                                
        "btd__RR_c"         "btd__SS_c"             "btn_c"             "btn_e"        "btn__co2_c"        "but2eACP_c"          "butACP_c"             "but_c" 
                                                                                                                                                                
            "but_e"           "butpi_c"          "butso3_c"          "butso3_e"             "ca2_c"             "ca2_e"            "cala_c"            "camp_c" 
                                                                                                                                                                
          "cbasp_c"             "cbi_c"            "cbl1_c"            "cbl1_e"            "cbl2_c"            "cbl2_e"             "cbp_c"             "cd2_c" 
                                                                                                                                                                
            "cd2_e"             "cdp_c"    "cdpdaihpdecg_c"     "cdpdaipdecg_c"       "cdpdddecg_c"          "cdpddg_c"     "cdpdhdec9eg_c"       "cdpdhdecg_c" 
                                                                                                                                                                
     "cdpdihdecg_c"     "cdpdihpdecg_c"      "cdpdipdecg_c"      "cdpditdecg_c"    "cdpdodec11eg_c"       "cdpdodecg_c"     "cdpdtdec7eg_c"       "cdpdtdecg_c" 
                                                                                                                                                                
         "cdpglc_c"         "cdpglyc_c"           "cellb_c"           "cellb_e"            "cgly_c"            "cgly_e"        "chlphncl_c"        "chlphncl_e" 
                                                                                                                                                                
           "chol_c"            "chor_c"             "cit_c"         "citr__L_c"              "cl_c"              "cl_e"         "clpn140_c"         "clpn160_c" 
                                                                                                                                                                
        "clpn180_c"        "clpnai15_c"        "clpnai17_c"         "clpni14_c"         "clpni15_c"         "clpni16_c"         "clpni17_c"             "cmp_c" 
                                                                                                                                                                
         "co1dam_c"             "co2_c"             "co2_e"          "co2dam_c"              "co_c"             "coa_c"         "cobalt2_c"         "cobalt2_e" 
                                                                                                                                                                
          "cobya_c"        "codhpre6_c"          "copre2_c"          "copre3_c"          "copre4_c"          "copre5_c"         "copre5b_c"          "copre6_c" 
                                                                                                                                                                
         "copre8_c"          "cpppg3_c"            "cro4_c"            "cro4_e"             "csn_c"             "csn_e"           "cthzp_c"             "ctp_c" 
                                                                                                                                                                
            "cu2_c"             "cu2_e"          "cys__L_c"          "cys__L_e"         "cyst__L_c"            "cytd_c"            "cytd_e"             "czp_c" 
                                                                                                                                                                
            "czp_e"          "dad__2_c"          "dad__2_e"          "dad__5_c"            "dadp_c"            "damp_c"            "dann_c"            "datp_c" 
                                                                                                                                                                
           "db4p_c"          "dcaACP_c"           "dcamp_c"            "dcdp_c"            "dcmp_c"            "dctp_c"            "dcyt_c"            "dcyt_e" 
                                                                                                                                                                
        "ddcaACP_c"            "ddca_c"         "dextrin_c"         "dextrin_e"         "dfdcytd_c"         "dfdcytd_e"          "dfduri_c"          "dfduri_e" 
                                                                                                                                                                
         "dgal6p_c"            "dgdp_c"            "dgmp_c"            "dgsn_c"            "dgsn_e"            "dgtp_c"         "dh5fura_c"         "dh5fura_e" 
                                                                                                                                                                
            "dha_c"            "dhap_c"             "dhf_c"           "dhlam_c"            "dhna_c"           "dhnpt_c"         "dhor__S_c"           "dhpmp_c" 
                                                                                                                                                                
           "dhpt_c"           "dhptd_c"      "diglcpg180_c"     "diglcpgai17_c"      "diglcpgi17_c"             "din_c"             "din_e"          "dmbzid_c" 
                                                                                                                                                                
           "dmlz_c"            "dmpp_c"            "dnad_c"          "dnarep_c"           "dpcoa_c"            "drib_c"            "drib_e"            "dscl_c" 
                                                                                                                                                                
           "dtbt_c"       "dtdp4d6dg_c"       "dtdp4d6dm_c"            "dtdp_c"         "dtdpglu_c"         "dtdprmn_c"            "dtmp_c"            "dttp_c" 
                                                                                                                                                                
           "dudp_c"            "dump_c"            "duri_c"            "duri_e"            "dutp_c"          "dxyl5p_c"          "e3mmal_c"          "e4hglu_c" 
                                                                                                                                                                
            "e4p_c"           "eig3p_c"            "etha_c"          "ethso3_c"          "ethso3_e"            "etoh_c"            "etoh_e"             "f1p_c" 
                                                                                                                                                                
            "f6p_c"             "fad_c"           "fadh2_c"            "fald_c"             "fdp_c"           "fdxox_c"           "fdxrd_c"             "fe2_c" 
                                                                                                                                                                
            "fe2_e"             "fe3_c"             "fe3_e"           "fecrm_c"           "fecrm_e"            "fgam_c"          "ficytC_c"             "fmn_c" 
                                                                                                                                                                
         "focytC_c"             "fol_c"             "fol_e"             "for_c"             "for_e"           "fpram_c"          "fprica_c"            "frdp_c" 
                                                                                                                                                                
            "fru_c"             "fru_e"           "fruur_c"        "fuc1p__L_c"        "fuc1p__L_e"             "fum_c"             "fum_e"             "g1p_c" 
                                                                                                                                                                
            "g3p_c"            "g3pc_c"            "g3pe_c"            "g3pg_c"             "g6p_c"             "g6p_e"          "g6p__B_c"           "gal1p_c" 
                                                                                                                                                                
            "gal_c"             "gal_e"          "galt1p_c"            "galt_e"           "galur_c"           "galur_e"           "gam1p_c"           "gam6p_c" 
                                                                                                                                                                
            "gam_e"             "gar_c"           "gcald_c"             "gdp_c"         "gdpmann_c"           "gdptp_c"          "glc__D_c"          "glc__D_e" 
                                                                                                                                                                
        "glc__bD_c"           "glcur_c"          "gln__L_c"          "gln__L_e"          "glu1sa_c"           "glu5p_c"          "glu5sa_c"          "glu__D_c" 
                                                                                                                                                                
         "glu__L_c"          "glu__L_e"          "glucys_c"         "glutrna_c"             "glx_c"             "gly_c"             "gly_e"          "glyald_c" 
                                                                                                                                                                
         "glyasn_c"          "glyasn_e"          "glyasp_c"          "glyasp_e"            "glyb_c"            "glyb_e"          "glyc3p_c"          "glyc3p_e" 
                                                                                                                                                                
      "glyc45tca_c" "glyc45tcaala__D_c"    "glyc45tcaglc_c"            "glyc_c"            "glyc_e"         "glyc__R_c"          "glyclt_c"        "glycogen_c" 
                                                                                                                                                                
      "glycogenb_c"          "glycys_c"          "glycys_e"          "glygln_c"          "glygln_e"          "glyglu_c"          "glyglu_e"          "glygn2_e" 
                                                                                                                                                                
         "glygn4_e"          "glygn5_e"          "glyleu_c"          "glyleu_e"          "glymet_c"          "glymet_e"          "glyphe_c"          "glyphe_e" 
                                                                                                                                                                
         "glypro_c"          "glypro_e"          "glytyr_c"          "glytyr_e"             "gmp_c"            "grdp_c"             "gsn_c"           "gthrd_c" 
                                                                                                                                                                
            "gtp_c"             "gua_c"             "gua_e"              "h2_c"              "h2_e"          "h2mb4p_c"            "h2o2_c"             "h2o_c" 
                                                                                                                                                                
            "h2o_e"             "h2s_c"             "h2s_e"               "h_c"               "h_e"            "hcit_c"            "hco3_c"         "hcys__L_c" 
                                                                                                                                                                
           "hdca_c"           "hdcea_c"          "hdeACP_c"           "hepdp_c"         "hethmpp_c"          "hexACP_c"           "hexdp_c"            "hexs_c" 
                                                                                                                                                                
           "hexs_e"             "hg2_c"             "hg2_e"           "hgbam_c"           "hgbyr_c"          "his__L_c"            "hisp_c"           "histd_c" 
                                                                                                                                                                
       "histl__L_c"           "hmbil_c"          "hom__L_c"             "hqn_c"            "hxan_c"            "hxan_e"         "i14tca1_c"     "i14tcaacgam_c" 
                                                                                                                                                                
   "i14tcaala__D_c"         "i15tca1_c"     "i15tcaacgam_c"    "i15tcaala__D_c"         "i16tca1_c"     "i16tcaacgam_c"    "i16tcaala__D_c"         "i17tca1_c" 
                                                                                                                                                                
    "i17tcaacgam_c"    "i17tcaala__D_c"       "i17tcaglc_c"            "iasp_c"           "ibcoa_c"           "ichor_c"            "icit_c"             "idp_c" 
                                                                                                                                                                
         "ihdcoa_c"         "ihpdcoa_c"          "ile__L_c"          "ile__L_e"           "im4ac_c"          "im4act_c"           "imacp_c"          "imogly_c" 
                                                                                                                                                                
            "imp_c"        "ind3acam_c"          "indole_c"          "indpyr_c"           "inost_c"             "ins_c"             "ins_e"          "ipdcoa_c" 
                                                                                                                                                                
           "ipdp_c"           "iscsh_c"          "iscssh_c"          "isetac_c"          "isetac_e"          "isomal_c"          "itdcoa_c"             "itp_c" 
                                                                                                                                                                
          "ivcoa_c"               "k_c"               "k_e"           "kesto_e"         "kestopt_e"        "kestottr_e"           "l2a6o_c"          "lac__D_c" 
                                                                                                                                                                
         "lac__D_e"          "lac__L_c"          "lac__L_e"           "lactl_c"           "lactl_e"            "lcts_c"            "lcts_e"          "leu__L_c" 
                                                                                                                                                                
         "leu__L_e"          "lgt__S_c"            "lpam_c"          "lys__L_c"          "lys__L_e"      "m12dahglyc_c"      "m12dihglyc_c"       "m12dsglyc_c" 
                                                                                                                                                                
           "madg_c"          "malACP_c"          "mal__L_c"          "malcoa_c"          "malt6p_c"            "malt_c"            "malt_e"          "malthp_c" 
                                                                                                                                                                
         "malthx_c"          "malthx_e"          "maltpt_c"          "malttr_c"          "malttr_e"         "maltttr_c"           "man1p_c"           "man6p_c" 
                                                                                                                                                                
          "man6p_e"             "man_c"             "man_e"           "mantr_c"           "mantr_e"            "mbdg_c"           "melib_c"           "melib_e" 
                                                                                                                                                                
           "meoh_c"            "meoh_e"          "met__D_c"          "met__D_e"          "met__L_c"          "met__L_e"          "metala_c"          "metala_e" 
                                                                                                                                                                
          "methf_c"    "metsox__R__L_c"    "metsox__R__L_e"    "metsox__S__L_c"    "metsox__S__L_e"             "mg2_c"             "mg2_e"           "mlthf_c" 
                                                                                                                                                                
            "mn2_c"             "mn2_e"           "mnl1p_c"             "mnl_e"            "mobd_c"            "mobd_e"            "mops_c"            "mops_e" 
                                                                                                                                                                
           "mql8_c"            "mqn8_c"            "mqn8_e"            "mso3_c"            "mso3_e"          "mthgxl_c"         "myrsACP_c"        "myrstca1_c" 
                                                                                                                                                                
   "myrstcaacgam_c"   "myrstcaala__D_c"              "n2_c"              "n2_e"        "n6all26d_c"             "na1_c"             "na1_e"             "nac_c" 
                                                                                                                                                                
            "nac_e"             "nad_c"            "nadh_c"            "nadp_c"           "nadph_c"            "ncam_c"       "nchlphncl_c"       "nchlphncl_e" 
                                                                                                                                                                
         "ncptrc_c"             "nh4_c"             "nh4_e"          "nicrns_c"          "nicrnt_c"             "nmn_c"             "no2_c"             "no2_e" 
                                                                                                                                                                
            "no3_c"             "no3_e"              "no_c"        "np2msucc_c"     "np2msucccoa_c"             "nzp_c"             "nzp_e"              "o2_c" 
                                                                                                                                                                
             "o2_e"             "o2s_c"             "oaa_c"           "ocACP_c"        "ocdcaACP_c"           "ocdca_c"           "ocdca_e"          "ocdcea_c" 
                                                                                                                                                                
          "octdp_c"         "octeACP_c"            "ohpb_c"             "orn_c"          "orot5p_c"            "orot_c"            "orot_e"             "oxa_c" 
                                                                                                                                                                
          "pa120_c"           "pa140_c"           "pa141_c"           "pa160_c"           "pa161_c"           "pa180_c"           "pa181_c"          "paai15_c" 
                                                                                                                                                                
         "paai17_c"           "pai14_c"           "pai15_c"           "pai16_c"           "pai17_c"         "palmACP_c"        "palmtca1_c"    "palmtcaacgam_c" 
                                                                                                                                                                
  "palmtcaala__D_c"           "pan4p_c"         "pant__R_c"             "pap_c"              "pb_c"              "pb_e"         "pcresol_c"         "pcresol_e" 
                                                                                                                                                                
          "pdx5p_c"           "pe120_c"           "pe140_c"           "pe141_c"           "pe160_c"           "pe161_c"           "pe180_c"           "pe181_c" 
                                                                                                                                                                
         "peai15_c"          "peai17_c"            "pect_e"           "pei14_c"           "pei15_c"           "pei16_c"           "pei17_c"             "pep_c" 
                                                                                                                                                                
          "pg120_c"           "pg140_c"           "pg141_c"           "pg160_c"           "pg161_c"           "pg180_c"           "pg181_c"          "pgai15_c" 
                                                                                                                                                                
         "pgai17_c"           "pgi14_c"           "pgi15_c"           "pgi16_c"           "pgi17_c"          "pgp120_c"          "pgp140_c"          "pgp141_c" 
                                                                                                                                                                
         "pgp160_c"          "pgp161_c"          "pgp180_c"          "pgp181_c"         "pgpai15_c"         "pgpai17_c"          "pgpi14_c"          "pgpi15_c" 
                                                                                                                                                                
         "pgpi16_c"          "pgpi17_c"          "phe__L_c"          "phe__L_e"           "pheme_c"            "phom_c"           "phpyr_c"           "phthr_c" 
                                                                                                                                                                
             "pi_c"              "pi_e"            "pime_c"            "pime_e"           "pmcoa_c"          "pmtcoa_c"             "pnp_c"         "pnto__R_c" 
                                                                                                                                                                
        "pnto__R_e"             "ppa_c"           "ppaca_c"            "ppal_c"            "ppal_e"            "ppap_c"           "ppbng_c"           "ppcoa_c" 
                                                                                                                                                                
           "pphn_c"             "ppi_c"             "ppi_e"            "ppp9_c"           "pppg9_c"            "pppi_c"            "pram_c"            "pran_c" 
                                                                                                                                                                
         "prbamp_c"          "prbatp_c"           "pre3a_c"           "pre3b_c"            "pre4_c"            "pre5_c"           "pre6a_c"           "pre6b_c" 
 [ reached 'max' / getOption("max.print") -- omitted 192 entries ]

Slot "dietName":
character(0)

Slot "dietValues":
data frame with 0 columns and 0 rows

Slot "lowbnd_beforeDiet":
numeric(0)

Slot "uppbnd_beforeDiet":
numeric(0)

Slot "bioMax":
[1] 1.5

Slot "bioMean":
[1] 0.6

Slot "bioMin":
[1] 0.1

Slot "gene_assoc":
   [1] 0 0 1 0 1 1 0 1 1 1 0 1 0 0 0 0 0 0 0 0 0 0 0 0 0 0 0 0 0 0 0 0 0 1 1 1 1 1 1 1 1 1 1 1 1 1 1 1 1 1 1 1 1 1 1 1 1 1 1 1 1 1 1 1 1 1 1 1 1 1 1 1 1 1 1 1 1 1
  [79] 1 1 1 1 1 1 1 0 1 1 1 1 1 1 1 1 0 0 1 1 1 1 0 1 1 1 1 1 1 1 1 1 1 0 1 1 1 1 1 1 1 1 1 1 1 1 1 1 1 1 1 1 1 1 1 1 1 1 1 1 1 1 1 1 1 1 1 1 0 1 1 1 1 1 1 1 1 1
 [157] 1 1 1 1 1 1 1 1 1 1 1 1 1 1 1 1 1 1 1 1 1 1 1 1 1 1 1 1 1 1 0 1 1 1 0 0 1 1 1 1 1 1 1 1 1 1 1 1 1 1 1 1 1 1 1 1 1 1 1 1 1 1 1 1 1 1 1 1 1 1 1 1 1 1 1 1 1 0
 [235] 1 1 1 1 0 0 1 1 1 0 0 1 1 1 1 1 1 1 1 1 1 1 1 1 1 0 1 1 1 1 1 1 1 1 1 1 1 1 1 1 0 0 1 1 1 1 1 1 1 0 1 1 1 1 1 1 1 1 1 1 0 1 1 1 0 1 1 0 1 1 1 1 1 1 1 1 1 1
 [313] 1 0 1 1 1 1 1 1 1 1 1 1 0 1 0 1 1 1 1 1 1 1 1 1 1 1 0 1 1 1 1 1 1 1 1 1 1 1 1 1 1 1 1 1 1 1 1 1 1 1 1 1 1 1 1 1 1 1 1 1 1 1 1 1 1 1 1 1 1 1 1 1 1 1 1 1 1 0
 [391] 1 0 0 1 1 0 1 1 1 1 1 1 1 1 1 0 1 1 1 1 1 1 1 1 1 1 1 1 1 1 1 1 1 1 0 0 0 0 0 0 0 0 0 0 0 0 0 0 0 0 0 0 0 0 0 0 0 0 0 0 1 1 1 1 1 1 1 1 1 1 1 1 1 1 1 1 0 1
 [469] 0 0 0 0 0 0 0 0 0 0 0 0 0 0 0 0 0 0 0 0 0 1 1 1 1 1 1 0 0 0 0 0 0 0 0 0 0 0 0 0 0 0 0 0 0 0 0 0 0 0 0 0 0 0 0 0 0 0 0 0 0 0 0 0 0 0 0 0 0 0 0 0 0 0 0 0 0 0
 [547] 0 0 0 0 0 0 0 0 0 0 0 0 0 0 0 0 0 0 0 0 0 0 0 0 0 0 0 0 0 0 0 0 0 0 0 0 0 0 0 0 0 0 0 0 0 0 0 0 0 0 0 0 0 0 0 0 0 0 0 0 0 0 0 0 0 0 0 0 0 0 0 0 0 0 0 0 0 0
 [625] 0 0 0 0 0 0 0 0 0 0 0 0 0 0 0 0 0 0 0 0 0 0 0 0 0 0 0 0 0 0 0 0 0 0 0 0 0 0 0 0 0 0 0 0 0 0 0 0 0 0 0 0 0 0 0 0 0 0 1 1 1 1 1 0 1 0 1 0 1 1 1 1 1 0 1 0 1 1
 [703] 0 0 0 1 1 0 1 1 1 0 1 1 1 1 1 1 1 1 1 1 1 1 1 1 1 1 1 1 0 1 1 0 1 1 1 1 1 1 1 1 1 1 1 1 1 0 1 0 0 1 1 1 1 1 1 1 1 1 1 1 1 1 1 1 1 1 1 1 1 1 1 1 1 1 1 1 1 1
 [781] 1 1 1 1 1 1 1 1 1 1 1 1 1 1 1 1 1 1 1 1 1 1 1 1 1 1 1 1 1 1 1 1 1 1 1 1 1 1 1 1 1 0 1 1 1 0 0 0 0 0 1 1 0 1 1 0 0 1 0 1 1 1 1 1 1 1 1 1 1 1 1 1 0 1 1 1 1 1
 [859] 0 1 1 1 1 1 0 1 1 1 1 1 1 0 0 1 1 1 1 1 1 1 1 1 1 1 1 1 1 1 1 0 1 1 1 1 1 1 1 1 1 1 1 1 1 0 0 0 0 1 0 0 1 1 0 1 1 1 1 1 1 1 1 1 1 1 1 1 1 1 1 1 1 1 1 1 1 1
 [937] 1 1 1 1 1 1 1 1 1 1 1 1 1 1 1 1 1 1 1 1 1 1 1 1 1 1 1 1 1 1 1 1 1 1 1 1 1 1 1 1 1 1 1 1 1 1 0 0 1 1 1 0 1 1 1 0 1 0 1 1 1 1 1 1
 [ reached 'max' / getOption("max.print") -- omitted 478 entries ]

Slot "pFBAFlag":
[1] -1

