An object of class "FBA_greatmod"
Slot "S":
        [,1] [,2] [,3] [,4] [,5] [,6] [,7] [,8] [,9] [,10] [,11] [,12] [,13] [,14] [,15] [,16] [,17] [,18] [,19] [,20] [,21]
   [1,]    0    0    0    0    0    0    0    0    0     0     0     0     0     0     0     0     0     0     0     0     0
        [,22] [,23] [,24] [,25] [,26] [,27] [,28] [,29] [,30] [,31] [,32] [,33] [,34] [,35] [,36] [,37] [,38] [,39] [,40]
   [1,]     0     0     0     0     0     0     0     0     0     0     0     0     0     0     0     0     0     0     0
        [,41] [,42] [,43] [,44] [,45] [,46] [,47] [,48] [,49] [,50] [,51] [,52] [,53] [,54] [,55] [,56] [,57] [,58] [,59]
   [1,]     0     0     0     0     0     0     0     0     0     0     0     0     0     0     0     0     0     0     0
        [,60] [,61] [,62] [,63] [,64] [,65] [,66] [,67] [,68] [,69] [,70] [,71] [,72] [,73] [,74] [,75] [,76] [,77] [,78]
   [1,]     0     0     0     0     0     0     0     0     0     0     0     0     0     0     0     0     0     0     0
        [,79] [,80] [,81] [,82] [,83] [,84] [,85] [,86] [,87] [,88] [,89] [,90] [,91] [,92] [,93] [,94] [,95] [,96] [,97]
   [1,]     0     0     0     0     0     0     0     0     0     0     0     0     0     0     0     0     0     0     0
        [,98] [,99] [,100] [,101] [,102] [,103] [,104] [,105] [,106] [,107] [,108] [,109] [,110] [,111] [,112] [,113] [,114]
   [1,]     0     0      0      0      0      0      0      0      0      0      0      0      0      0      0      0      0
        [,115] [,116] [,117] [,118] [,119] [,120] [,121] [,122] [,123] [,124] [,125] [,126] [,127] [,128] [,129] [,130]
   [1,]      0      0      0      0      0      0      0      0      0      0      0      0      0      0      0      0
        [,131] [,132] [,133] [,134] [,135] [,136] [,137] [,138] [,139] [,140] [,141] [,142] [,143] [,144] [,145] [,146]
   [1,]      0      0      0      0      0      0      0      0      0      0      0      0      0      0      0      0
        [,147] [,148] [,149] [,150] [,151] [,152] [,153] [,154] [,155] [,156] [,157] [,158] [,159] [,160] [,161] [,162]
   [1,]      0      0      0      0      0      0      0      0      0      0      0      0      0      0      0      0
        [,163] [,164] [,165] [,166] [,167] [,168] [,169] [,170] [,171] [,172] [,173] [,174] [,175] [,176] [,177] [,178]
   [1,]      0      0      0      0      0      0      0      0      0      0      0      0      0      0      0      0
        [,179] [,180] [,181] [,182] [,183] [,184] [,185] [,186] [,187] [,188] [,189] [,190] [,191] [,192] [,193] [,194]
   [1,]      0      0      0      0      0      0      0      0    0.0      0      0      0      0      0      0      0
        [,195] [,196] [,197] [,198] [,199] [,200] [,201] [,202] [,203] [,204] [,205] [,206] [,207] [,208] [,209] [,210]
   [1,]      0      0      0      0      0      0      0      0      0      0      0      0      0      0      0      0
        [,211] [,212] [,213] [,214] [,215] [,216] [,217] [,218] [,219] [,220] [,221] [,222] [,223] [,224] [,225] [,226]
   [1,]      0      0      0      0      0      0      0      0      0      0      0      0      0      0      0      0
        [,227] [,228] [,229] [,230] [,231] [,232] [,233] [,234] [,235] [,236] [,237] [,238] [,239] [,240] [,241] [,242]
   [1,]      0      0      0      0      0      0      0      0      0      0      0      0      0      0      0      0
        [,243] [,244] [,245] [,246] [,247] [,248] [,249] [,250] [,251] [,252] [,253] [,254] [,255] [,256] [,257] [,258]
   [1,]      0      0      0      0      0      0      0      0      0      0      0      0      0      0      0      0
        [,259] [,260] [,261] [,262] [,263] [,264] [,265] [,266] [,267] [,268] [,269] [,270] [,271] [,272] [,273] [,274]
   [1,]      0      0      0      0      0      0      0      0      0      0      0      0      0      0      0      0
        [,275] [,276] [,277] [,278] [,279] [,280] [,281] [,282] [,283] [,284] [,285] [,286] [,287] [,288] [,289] [,290]
   [1,]      0      0      0      0      0      0      0      0      0      0      0      0      0      0      0      0
        [,291] [,292] [,293] [,294] [,295] [,296] [,297] [,298] [,299] [,300] [,301] [,302] [,303] [,304] [,305] [,306]
   [1,]      0      0      0      0      0      0      0      0      0      0      0      0      0      0      0      0
        [,307] [,308] [,309] [,310] [,311] [,312] [,313] [,314] [,315] [,316] [,317] [,318] [,319] [,320] [,321] [,322]
   [1,]      0      0      0      0      0      0      0      0      0      0      0      0      0      0      0      0
        [,323] [,324] [,325] [,326] [,327] [,328] [,329] [,330] [,331] [,332] [,333] [,334] [,335] [,336] [,337] [,338]
   [1,]      0      0      0      0      0      0      0      0      0      0      0      0      0      0      0      0
        [,339] [,340] [,341] [,342] [,343] [,344] [,345] [,346] [,347] [,348] [,349] [,350] [,351] [,352] [,353] [,354]
   [1,]      0    0.0      0      0      0      0      0      0      0      0      0      0      0      0      0      0
        [,355] [,356] [,357] [,358] [,359] [,360] [,361] [,362] [,363] [,364] [,365] [,366] [,367] [,368] [,369] [,370]
   [1,]      0      0      0      0      0      0      0      0      0      0      0      0      0      0      0      0
        [,371] [,372] [,373] [,374] [,375] [,376] [,377] [,378] [,379] [,380] [,381] [,382] [,383] [,384] [,385] [,386]
   [1,]      0      0      0      0      0      0      0      0      0      0      0      0      0      0      0      0
        [,387] [,388] [,389] [,390] [,391] [,392] [,393] [,394] [,395] [,396] [,397] [,398] [,399] [,400] [,401] [,402]
   [1,]      0      0      0      0      0      0      0      0      0      0      0      0      0      0      0      0
        [,403] [,404] [,405] [,406] [,407] [,408] [,409] [,410] [,411] [,412] [,413] [,414] [,415] [,416] [,417] [,418]
   [1,]      0      0      0      0      0      0      0      0      0      0      0      0      0      0      0      0
        [,419] [,420] [,421] [,422] [,423] [,424] [,425] [,426] [,427] [,428] [,429] [,430] [,431] [,432] [,433] [,434]
   [1,]      0      0      0      0      0      0      0      0      0      0      0      0      0      0      0      0
        [,435] [,436] [,437] [,438] [,439] [,440] [,441] [,442] [,443] [,444] [,445] [,446] [,447] [,448] [,449] [,450]
   [1,]      0      0      0      0      0      0      0      0      0      0      0      0      0      0      0      0
        [,451] [,452] [,453] [,454] [,455] [,456] [,457] [,458] [,459] [,460] [,461] [,462] [,463] [,464] [,465] [,466]
   [1,]      0      0      0      0      0      0      0      0      0      0      0      0      0      0      0      0
        [,467] [,468] [,469] [,470] [,471] [,472] [,473] [,474] [,475] [,476] [,477] [,478] [,479] [,480] [,481] [,482]
   [1,]      0      0      0      0      0      0      0      0      0      0      0      0      0      0      0      0
        [,483] [,484] [,485] [,486] [,487] [,488] [,489] [,490] [,491] [,492] [,493] [,494] [,495] [,496] [,497] [,498]
   [1,]      0      0      0      0      0      0      0      0      0      0      0      0      0      0      0      0
        [,499] [,500] [,501] [,502] [,503] [,504] [,505] [,506] [,507] [,508] [,509] [,510] [,511] [,512] [,513] [,514]
   [1,]      0      0      0      0      0      0      0      0      0      0      0      0      0      0      0      0
        [,515] [,516] [,517] [,518] [,519] [,520] [,521] [,522] [,523] [,524] [,525] [,526] [,527] [,528] [,529] [,530]
   [1,]      0      0      0      0      0      0      0      0      0      0      0      0      0      0      0      0
        [,531] [,532] [,533] [,534] [,535] [,536] [,537] [,538] [,539] [,540] [,541] [,542] [,543] [,544] [,545] [,546]
   [1,]      0      0      0      0      0      0      0      0      0      0      0      0      0      0      0      0
        [,547] [,548] [,549] [,550] [,551] [,552] [,553] [,554] [,555] [,556] [,557] [,558] [,559] [,560] [,561] [,562]
   [1,]      0      0      0      0      0      0      0      0      0      0      0      0      0      0      0      0
        [,563] [,564] [,565] [,566] [,567] [,568] [,569] [,570] [,571] [,572] [,573] [,574] [,575] [,576] [,577] [,578]
   [1,]      0      0      0      0      0      0      0      0      0      0      0      0      0      0      0      0
        [,579] [,580] [,581] [,582] [,583] [,584] [,585] [,586] [,587] [,588] [,589] [,590] [,591] [,592] [,593] [,594]
   [1,]      0      0      0      0      0      0      0      0      0      0      0      0      0      0      0      0
        [,595] [,596] [,597] [,598] [,599] [,600] [,601] [,602] [,603] [,604] [,605] [,606] [,607] [,608] [,609] [,610]
   [1,]      0      0      0      0      0      0      0      0      0      0      0      0      0      0      0      0
        [,611] [,612] [,613] [,614] [,615] [,616] [,617] [,618] [,619] [,620] [,621] [,622] [,623] [,624] [,625] [,626]
   [1,]      0      0      0      0      0      0      0      0      0      0      0      0      0      0      0      0
        [,627] [,628] [,629] [,630] [,631] [,632] [,633] [,634] [,635] [,636] [,637] [,638] [,639] [,640] [,641] [,642]
   [1,]      0      0      0      0      0      0      0      0      0      0      0      0      0      0      0      0
        [,643] [,644] [,645] [,646] [,647] [,648] [,649] [,650] [,651] [,652] [,653] [,654] [,655] [,656] [,657] [,658]
   [1,]      0      0      0      0      0      0      0      0      0      0      0      0      0      0      0      0
        [,659] [,660] [,661] [,662] [,663] [,664] [,665] [,666] [,667] [,668] [,669] [,670] [,671] [,672] [,673] [,674]
   [1,]      0      0      0      0      0      0      0      0      0      0      0      0      0      0      0      0
        [,675] [,676] [,677] [,678] [,679] [,680] [,681] [,682] [,683] [,684] [,685] [,686] [,687] [,688] [,689] [,690]
   [1,]      0      0      0      0      0      0      0      0      0      0      0      0      0      0      0      0
        [,691] [,692] [,693] [,694] [,695] [,696] [,697] [,698] [,699] [,700] [,701] [,702] [,703] [,704] [,705] [,706]
   [1,]      0      0      0      0      0      0      0      0      0      0      1      0      0      0      0      0
        [,707] [,708] [,709] [,710] [,711] [,712] [,713] [,714] [,715] [,716] [,717] [,718] [,719] [,720] [,721] [,722]
   [1,]      0      0      0      0      0      0      0      0      0      0      0      0      0      0      0      0
        [,723] [,724] [,725] [,726] [,727] [,728] [,729] [,730] [,731] [,732] [,733] [,734] [,735] [,736] [,737] [,738]
   [1,]      0      0      0      0      0      0      0      0      0      0      0      0      0      0      0      0
        [,739] [,740] [,741] [,742] [,743] [,744] [,745] [,746] [,747] [,748] [,749] [,750] [,751] [,752] [,753] [,754]
   [1,]      0      0      0      0      0      0      0      0      0      0      0      0      0      0      0      0
        [,755] [,756] [,757] [,758] [,759] [,760] [,761] [,762] [,763] [,764] [,765] [,766] [,767] [,768] [,769] [,770]
   [1,]      0      0      0      0      0      0      0      0      0      0      0      0      0      0      0      0
        [,771] [,772] [,773] [,774] [,775] [,776] [,777] [,778] [,779] [,780] [,781] [,782] [,783] [,784] [,785] [,786]
   [1,]      0      0      0      0      0      0      0      0      0      0      0      0      0      0      0      0
        [,787] [,788] [,789] [,790] [,791] [,792] [,793] [,794] [,795] [,796] [,797] [,798] [,799] [,800] [,801] [,802]
   [1,]      0      0      0      0      0      0      0      0      0      0      0      0      0      0      0      0
        [,803] [,804] [,805] [,806] [,807] [,808] [,809] [,810] [,811] [,812] [,813] [,814] [,815] [,816] [,817] [,818]
   [1,]      0      0      0      0      0      0      0      0      0      0      0      0      0      0      0      0
        [,819] [,820] [,821] [,822] [,823] [,824] [,825] [,826] [,827] [,828] [,829] [,830] [,831] [,832] [,833] [,834]
   [1,]      0      0      0      0      0      0      0      0      0      0      0      0      0      0      0      0
        [,835] [,836] [,837] [,838] [,839] [,840] [,841] [,842] [,843] [,844] [,845] [,846] [,847] [,848] [,849] [,850]
   [1,]      0      0      0      0      0      0      0      0      0      0      0      0      0      0      0      0
        [,851] [,852] [,853] [,854] [,855] [,856] [,857] [,858] [,859] [,860] [,861] [,862] [,863] [,864] [,865] [,866]
   [1,]      0      0      0      0      0      0      0      0      0      0      0      0      0      0      0      0
        [,867] [,868] [,869] [,870] [,871] [,872] [,873] [,874] [,875] [,876] [,877] [,878] [,879] [,880] [,881] [,882]
   [1,]      0      0      0      0      0      0      0      0      0      0      0      0      0      0      0      0
        [,883] [,884] [,885] [,886] [,887] [,888] [,889] [,890] [,891] [,892] [,893] [,894] [,895] [,896] [,897] [,898]
   [1,]      0      0      0      0      0      0      0      0      0      0      0      0      0      0      0      0
        [,899] [,900] [,901] [,902] [,903] [,904] [,905] [,906] [,907] [,908] [,909] [,910] [,911] [,912] [,913] [,914]
   [1,]      0      0      0      0      0      0      0      0      0      0      0      0      0      0      0      0
        [,915] [,916] [,917] [,918] [,919] [,920] [,921] [,922] [,923] [,924] [,925] [,926] [,927] [,928] [,929] [,930]
   [1,]      0      0      0      0      0      0      0      0      0      0      0      0      0      0      0      0
        [,931] [,932] [,933] [,934] [,935] [,936] [,937] [,938] [,939] [,940] [,941] [,942] [,943] [,944] [,945] [,946]
   [1,]      0      0      0      0      0      0      0      0      0      0      0      0      0      0      0      0
        [,947] [,948] [,949] [,950] [,951] [,952] [,953] [,954] [,955] [,956] [,957] [,958] [,959] [,960] [,961] [,962]
   [1,]      0      0      0      0      0      0      0      0      0      0      0      0      0      0      0      0
        [,963] [,964] [,965] [,966] [,967] [,968] [,969] [,970] [,971] [,972] [,973] [,974] [,975] [,976] [,977] [,978]
   [1,]      0      0      0      0      0      0      0      0      0      0      0      0      0      0      0      0
        [,979] [,980] [,981] [,982] [,983] [,984] [,985] [,986] [,987] [,988] [,989] [,990] [,991] [,992] [,993] [,994]
   [1,]      0      0      0      0      0      0      0      0      0      0      0      0      0      0      0      0
        [,995] [,996] [,997] [,998] [,999] [,1000]
   [1,]      0      0      0      0      0       0
 [ reached 'max' / getOption("max.print") -- omitted 1191 rows and 478 columns ]

Slot "lowbnd":
   [1]     0 -1000 -1000 -1000 -1000     0 -1000 -1000 -1000 -1000 -1000 -1000     0     0     0     0     0     0     0
  [20]     0     0     0     0     0     0     0     0     0     0     0     0     0 -1000 -1000 -1000 -1000 -1000 -1000
  [39] -1000 -1000 -1000 -1000 -1000 -1000 -1000 -1000 -1000 -1000 -1000 -1000 -1000 -1000 -1000 -1000 -1000 -1000 -1000
  [58] -1000 -1000 -1000     0     0     0     0     0     0     0     0     0     0     0     0     0     0     0     0
  [77]     0     0     0     0     0     0     0     0     0     0 -1000 -1000 -1000     0     0 -1000     0     0     0
  [96] -1000 -1000     0     0 -1000     0     0     0 -1000 -1000     0 -1000 -1000 -1000 -1000 -1000 -1000     0     0
 [115]     0 -1000     0     0     0     0 -1000 -1000     0 -1000     0     0     0     0     0     0     0     0     0
 [134]     0     0     0     0 -1000     0 -1000 -1000 -1000 -1000     0     0     0 -1000     0     0     0     0     0
 [153]     0 -1000 -1000 -1000 -1000 -1000 -1000 -1000 -1000 -1000 -1000 -1000     0     0     0     0     0     0 -1000
 [172] -1000     0     0     0     0     0     0     0     0     0     0     0 -1000 -1000 -1000     0     0 -1000 -1000
 [191] -1000 -1000 -1000 -1000     0     0     0 -1000     0 -1000 -1000     0 -1000     0 -1000     0 -1000     0 -1000
 [210]     0     0 -1000 -1000 -1000     0 -1000 -1000 -1000     0     0     0     0 -1000     0     0     0     0     0
 [229]     0     0 -1000     0 -1000 -1000     0 -1000     0     0     0     0     0     0     0     0 -1000 -1000     0
 [248] -1000     0     0     0     0     0 -1000     0 -1000     0     0     0 -1000     0     0     0     0     0     0
 [267] -1000     0     0     0     0     0     0     0     0 -1000 -1000     0     0     0 -1000 -1000     0 -1000 -1000
 [286] -1000     0 -1000     0     0 -1000     0     0     0 -1000     0     0     0     0     0     0     0     0 -1000
 [305] -1000 -1000 -1000 -1000 -1000 -1000 -1000 -1000     0 -1000 -1000     0     0     0     0     0     0     0 -1000
 [324]     0     0 -1000     0     0     0     0     0     0     0     0 -1000     0     0     0 -1000     0     0     0
 [343]     0     0     0 -1000 -1000 -1000 -1000     0     0     0 -1000     0     0     0     0     0     0     0 -1000
 [362]     0     0 -1000 -1000     0     0     0     0     0     0     0     0     0     0     0     0     0     0     0
 [381]     0     0     0     0 -1000     0     0 -1000     0     0     0     0     0 -1000     0 -1000     0     0     0
 [400]     0 -1000     0 -1000 -1000     0     0     0     0     0     0     0     0 -1000     0     0     0     0     0
 [419]     0     0     0     0     0 -1000     0     0     0     0     0     0     0     0     0     0     0     0     0
 [438]     0     0     0     0     0     0     0     0 -1000     0     0     0     0     0     0     0     0 -1000     0
 [457] -1000     0     0 -1000     0     0 -1000     0 -1000     0 -1000 -1000     0     0     0     0     0     0     0
 [476]     0     0     0     0     0     0     0     0     0     0     0     0     0 -1000 -1000 -1000     0 -1000     0
 [495]     0 -1000 -1000 -1000 -1000 -1000 -1000 -1000 -1000 -1000 -1000 -1000 -1000 -1000 -1000 -1000 -1000 -1000 -1000
 [514] -1000 -1000 -1000 -1000 -1000 -1000 -1000 -1000 -1000 -1000 -1000 -1000 -1000 -1000 -1000 -1000 -1000 -1000 -1000
 [533] -1000 -1000 -1000 -1000 -1000 -1000 -1000 -1000 -1000 -1000 -1000 -1000 -1000 -1000 -1000 -1000 -1000 -1000 -1000
 [552] -1000 -1000 -1000 -1000 -1000 -1000 -1000 -1000 -1000 -1000 -1000 -1000 -1000 -1000 -1000 -1000 -1000 -1000 -1000
 [571] -1000 -1000 -1000 -1000 -1000 -1000 -1000 -1000 -1000 -1000 -1000 -1000 -1000 -1000 -1000 -1000 -1000 -1000 -1000
 [590] -1000 -1000 -1000 -1000 -1000 -1000 -1000 -1000 -1000 -1000 -1000 -1000 -1000 -1000 -1000 -1000 -1000 -1000 -1000
 [609] -1000 -1000 -1000 -1000 -1000 -1000 -1000 -1000 -1000 -1000 -1000 -1000 -1000 -1000 -1000 -1000 -1000 -1000 -1000
 [628] -1000 -1000 -1000 -1000 -1000 -1000 -1000 -1000 -1000 -1000 -1000 -1000 -1000 -1000 -1000 -1000 -1000 -1000 -1000
 [647] -1000 -1000 -1000 -1000 -1000 -1000 -1000 -1000 -1000 -1000 -1000 -1000 -1000 -1000 -1000 -1000 -1000 -1000 -1000
 [666] -1000 -1000 -1000 -1000 -1000 -1000 -1000 -1000 -1000 -1000 -1000 -1000 -1000 -1000 -1000 -1000 -1000 -1000 -1000
 [685] -1000 -1000     0     0     0 -1000     0     0     0     0     0     0     0     0 -1000 -1000     0     0     0
 [704]     0     0     0     0 -1000     0     0 -1000     0 -1000     0 -1000     0 -1000     0     0     0     0     0
 [723]     0     0     0     0     0     0     0     0     0 -1000     0     0 -1000     0 -1000 -1000     0 -1000     0
 [742]     0 -1000     0 -1000     0 -1000 -1000     0 -1000     0     0 -1000 -1000     0     0 -1000 -1000 -1000 -1000
 [761] -1000 -1000     0     0     0     0     0     0     0     0     0     0 -1000 -1000     0 -1000     0     0     0
 [780]     0 -1000     0 -1000     0 -1000     0     0     0     0     0     0     0     0     0 -1000 -1000     0 -1000
 [799]     0     0 -1000     0 -1000     0 -1000     0 -1000     0 -1000     0     0     0     0     0     0     0     0
 [818]     0     0     0     0     0 -1000 -1000 -1000 -1000 -1000 -1000 -1000     0     0 -1000     0     0     0     0
 [837]     0     0     0     0     0     0 -1000     0     0     0     0     0 -1000     0 -1000 -1000 -1000     0     0
 [856] -1000     0     0     0     0     0     0 -1000     0 -1000     0     0     0     0 -1000     0 -1000 -1000 -1000
 [875]     0 -1000     0 -1000     0     0 -1000     0     0 -1000 -1000 -1000     0     0     0     0     0 -1000 -1000
 [894] -1000     0     0 -1000     0 -1000 -1000 -1000 -1000     0     0     0     0 -1000     0     0 -1000     0 -1000
 [913]     0     0 -1000     0 -1000 -1000     0 -1000     0     0     0     0     0     0     0     0     0     0     0
 [932]     0     0     0     0     0     0     0     0     0     0     0     0     0     0     0     0     0     0     0
 [951]     0     0     0     0     0     0     0     0     0     0     0     0     0     0     0 -1000     0     0     0
 [970] -1000     0 -1000     0     0     0     0     0     0     0 -1000     0 -1000     0     0     0 -1000 -1000 -1000
 [989]     0     0     0     0 -1000 -1000     0 -1000     0     0     0 -1000
 [ reached 'max' / getOption("max.print") -- omitted 478 entries ]

Slot "uppbnd":
   [1] 1000 1000 1000 1000 1000 1000 1000 1000 1000 1000 1000 1000 1000 1000 1000 1000 1000 1000 1000 1000 1000 1000 1000
  [24] 1000 1000 1000 1000 1000 1000 1000 1000 1000 1000 1000 1000 1000 1000 1000 1000 1000 1000 1000 1000 1000 1000 1000
  [47] 1000 1000 1000 1000 1000 1000 1000 1000 1000 1000 1000 1000 1000 1000 1000 1000 1000 1000 1000 1000 1000 1000 1000
  [70] 1000 1000 1000 1000 1000 1000 1000 1000 1000 1000 1000 1000 1000 1000 1000 1000 1000 1000 1000 1000 1000 1000 1000
  [93] 1000 1000 1000 1000 1000 1000 1000 1000 1000 1000 1000 1000 1000 1000 1000 1000 1000 1000 1000 1000 1000 1000 1000
 [116] 1000 1000 1000 1000 1000 1000 1000 1000 1000 1000 1000 1000 1000 1000 1000 1000 1000 1000 1000 1000 1000 1000 1000
 [139] 1000 1000 1000 1000 1000 1000 1000 1000 1000 1000 1000 1000 1000 1000 1000 1000 1000 1000 1000 1000 1000 1000 1000
 [162] 1000 1000 1000 1000 1000 1000 1000 1000 1000 1000 1000 1000 1000 1000 1000 1000 1000 1000 1000 1000 1000 1000 1000
 [185] 1000 1000 1000 1000 1000 1000 1000 1000 1000 1000 1000 1000 1000 1000 1000 1000 1000 1000 1000 1000 1000 1000 1000
 [208] 1000 1000 1000 1000 1000 1000 1000 1000 1000 1000 1000 1000 1000 1000 1000 1000 1000 1000 1000 1000 1000 1000 1000
 [231] 1000 1000 1000 1000 1000 1000 1000 1000 1000 1000 1000 1000 1000 1000 1000 1000 1000 1000 1000 1000 1000 1000 1000
 [254] 1000 1000 1000 1000 1000 1000 1000 1000 1000 1000 1000 1000 1000 1000 1000 1000 1000 1000 1000 1000 1000 1000 1000
 [277] 1000 1000 1000 1000 1000 1000 1000 1000 1000 1000 1000 1000 1000 1000 1000 1000 1000 1000 1000 1000 1000 1000 1000
 [300] 1000 1000 1000 1000 1000 1000 1000 1000 1000 1000 1000 1000 1000 1000 1000 1000 1000 1000 1000 1000 1000 1000 1000
 [323] 1000 1000 1000 1000 1000 1000 1000 1000 1000 1000 1000 1000 1000 1000 1000 1000 1000 1000 1000 1000 1000 1000 1000
 [346] 1000 1000 1000 1000 1000 1000 1000 1000 1000 1000 1000 1000 1000 1000 1000 1000 1000 1000 1000 1000 1000 1000 1000
 [369] 1000 1000 1000 1000 1000 1000 1000 1000 1000 1000 1000 1000 1000 1000 1000 1000 1000 1000 1000 1000 1000 1000 1000
 [392] 1000 1000 1000 1000 1000 1000 1000 1000 1000 1000 1000 1000 1000 1000 1000 1000 1000 1000 1000 1000 1000 1000 1000
 [415] 1000 1000 1000 1000 1000 1000 1000 1000 1000 1000 1000 1000 1000 1000 1000 1000 1000 1000 1000 1000 1000 1000 1000
 [438] 1000 1000 1000 1000 1000 1000 1000 1000 1000 1000 1000 1000 1000 1000 1000 1000 1000 1000 1000 1000 1000 1000 1000
 [461] 1000 1000 1000 1000 1000 1000 1000 1000 1000 1000 1000 1000 1000 1000 1000 1000 1000 1000 1000 1000 1000 1000 1000
 [484] 1000 1000 1000 1000 1000 1000 1000 1000 1000 1000 1000 1000 1000 1000 1000 1000 1000 1000 1000 1000 1000 1000 1000
 [507] 1000 1000 1000 1000 1000 1000 1000 1000 1000 1000 1000 1000 1000 1000 1000 1000 1000 1000 1000 1000 1000 1000 1000
 [530] 1000 1000 1000 1000 1000 1000 1000 1000 1000 1000 1000 1000 1000 1000 1000 1000 1000 1000 1000 1000 1000 1000 1000
 [553] 1000 1000 1000 1000 1000 1000 1000 1000 1000 1000 1000 1000 1000 1000 1000 1000 1000 1000 1000 1000 1000 1000 1000
 [576] 1000 1000 1000 1000 1000 1000 1000 1000 1000 1000 1000 1000 1000 1000 1000 1000 1000 1000 1000 1000 1000 1000 1000
 [599] 1000 1000 1000 1000 1000 1000 1000 1000 1000 1000 1000 1000 1000 1000 1000 1000 1000 1000 1000 1000 1000 1000 1000
 [622] 1000 1000 1000 1000 1000 1000 1000 1000 1000 1000 1000 1000 1000 1000 1000 1000 1000 1000 1000 1000 1000 1000 1000
 [645] 1000 1000 1000 1000 1000 1000 1000 1000 1000 1000 1000 1000 1000 1000 1000 1000 1000 1000 1000 1000 1000 1000 1000
 [668] 1000 1000 1000 1000 1000 1000 1000 1000 1000 1000 1000 1000 1000 1000 1000 1000 1000 1000 1000 1000 1000 1000 1000
 [691] 1000 1000 1000 1000 1000 1000 1000 1000 1000 1000 1000 1000 1000 1000 1000 1000 1000 1000 1000 1000 1000 1000 1000
 [714] 1000 1000 1000 1000 1000 1000 1000 1000 1000 1000 1000 1000 1000 1000 1000 1000 1000 1000 1000 1000 1000 1000 1000
 [737] 1000 1000 1000 1000 1000 1000 1000 1000 1000 1000 1000 1000 1000 1000 1000 1000 1000 1000 1000 1000 1000 1000 1000
 [760] 1000 1000 1000 1000 1000 1000 1000 1000 1000 1000 1000 1000 1000 1000 1000 1000 1000 1000 1000 1000 1000 1000 1000
 [783] 1000 1000 1000 1000 1000 1000 1000 1000 1000 1000 1000 1000 1000 1000 1000 1000 1000 1000 1000 1000 1000 1000 1000
 [806] 1000 1000 1000 1000 1000 1000 1000 1000 1000 1000 1000 1000 1000 1000 1000 1000 1000 1000 1000 1000 1000 1000 1000
 [829] 1000 1000 1000 1000 1000 1000 1000 1000 1000 1000 1000 1000 1000 1000 1000 1000 1000 1000 1000 1000 1000 1000 1000
 [852] 1000 1000 1000 1000 1000 1000 1000 1000 1000 1000 1000 1000 1000 1000 1000 1000 1000 1000 1000 1000 1000 1000 1000
 [875] 1000 1000 1000 1000 1000 1000 1000 1000 1000 1000 1000 1000 1000 1000 1000 1000 1000 1000 1000 1000 1000 1000 1000
 [898] 1000 1000 1000 1000 1000 1000 1000 1000 1000 1000 1000 1000 1000 1000 1000 1000 1000 1000 1000 1000 1000 1000 1000
 [921] 1000 1000 1000 1000 1000 1000 1000 1000 1000 1000 1000 1000 1000 1000 1000 1000 1000 1000 1000 1000 1000 1000 1000
 [944] 1000 1000 1000 1000 1000 1000 1000 1000 1000 1000 1000 1000 1000 1000 1000 1000 1000 1000 1000 1000 1000 1000 1000
 [967] 1000 1000 1000 1000 1000 1000 1000 1000 1000 1000 1000 1000 1000 1000 1000 1000 1000 1000 1000 1000 1000 1000 1000
 [990] 1000 1000 1000 1000 1000 1000 1000 1000 1000 1000 1000
 [ reached 'max' / getOption("max.print") -- omitted 478 entries ]

Slot "obj_coef":
   [1] 0 0 0 0 0 0 0 0 0 0 0 0 0 0 0 0 0 0 0 0 0 0 0 0 0 0 0 0 0 0 0 0 0 0 0 0 0 0 0 0 0 0 0 0 0 0 0 0 0 0 0 0 0 0 0 0 0 0 0
  [60] 0 0 0 0 0 0 0 0 0 0 0 0 0 0 0 0 0 0 0 0 0 0 0 0 0 0 0 0 0 0 0 0 0 0 0 0 0 0 0 0 0 0 0 0 0 0 0 0 0 0 0 0 0 0 0 0 0 0 0
 [119] 0 0 0 0 0 0 0 0 0 0 0 0 0 0 0 0 0 0 0 0 0 0 0 0 0 0 0 0 0 0 0 0 0 0 0 0 0 0 0 0 0 0 0 0 0 0 0 0 0 0 0 0 0 0 0 0 0 0 0
 [178] 0 0 0 0 0 0 0 0 0 0 0 0 0 0 0 0 0 0 0 0 0 0 0 0 0 0 0 0 0 0 0 0 0 0 0 0 0 0 0 0 0 0 0 0 0 0 0 0 0 0 0 0 0 0 0 0 0 0 0
 [237] 0 0 0 0 0 0 0 0 0 0 0 0 0 0 0 0 0 0 0 0 0 0 0 0 0 0 0 0 0 0 0 0 0 0 0 0 0 0 0 0 0 0 0 0 0 0 0 0 0 0 0 0 0 0 0 0 0 0 0
 [296] 0 0 0 0 0 0 0 0 0 0 0 0 0 0 0 0 0 0 0 0 0 0 0 0 0 0 0 0 0 0 0 0 0 0 0 0 0 0 0 0 0 0 0 0 0 0 0 0 0 0 0 0 0 0 0 0 0 0 0
 [355] 0 0 0 0 0 0 0 0 0 0 0 0 0 0 0 0 0 0 0 0 0 0 0 0 0 0 0 0 0 0 0 0 0 0 0 0 0 0 0 0 0 0 0 0 0 0 0 0 0 0 0 0 0 0 0 0 0 0 0
 [414] 0 0 0 0 0 0 0 0 0 0 0 0 0 0 0 0 0 0 0 0 0 0 0 0 0 0 0 0 0 0 0 0 0 0 0 0 0 0 0 0 0 0 0 0 0 0 0 0 0 0 0 0 0 0 0 0 0 0 0
 [473] 0 0 0 0 0 0 0 0 0 0 0 0 0 0 0 0 0 0 0 0 0 0 0 0 0 0 0 0 0 0 0 0 0 0 0 0 0 0 0 0 0 0 0 0 0 0 0 0 0 0 0 0 0 0 0 0 0 0 0
 [532] 0 0 0 0 0 0 0 0 0 0 0 0 0 0 0 0 0 0 0 0 0 0 0 0 0 0 0 0 0 0 0 0 0 0 0 0 0 0 0 0 0 0 0 0 0 0 0 0 0 0 0 0 0 0 0 0 0 0 0
 [591] 0 0 0 0 0 0 0 0 0 0 0 0 0 0 0 0 0 0 0 0 0 0 0 0 0 0 0 0 0 0 0 0 0 0 0 0 0 0 0 0 0 0 0 0 0 0 0 0 0 0 0 0 0 0 0 0 0 0 0
 [650] 0 0 0 0 0 0 0 0 0 0 0 0 0 0 0 0 0 0 0 0 0 0 0 0 0 0 0 0 0 0 0 0 0 0 0 0 0 0 0 0 0 0 0 0 0 0 0 0 0 0 0 0 0 0 0 0 0 0 0
 [709] 0 0 0 0 0 0 0 0 0 0 0 0 0 0 0 0 0 0 0 0 0 0 0 0 0 0 0 0 0 0 0 0 0 0 0 0 0 0 0 0 0 0 0 0 0 0 0 0 0 0 0 0 0 0 0 0 0 0 0
 [768] 0 0 0 0 0 0 0 0 0 0 0 0 0 0 0 0 0 0 0 0 0 0 0 0 0 0 0 0 0 0 0 0 0 0 0 0 0 0 0 0 0 0 0 0 0 0 0 0 0 0 0 0 0 0 0 0 0 0 0
 [827] 0 0 0 0 0 0 0 0 0 0 0 0 0 0 0 0 0 0 0 0 0 0 0 0 0 0 0 0 0 0 0 0 0 0 0 0 0 0 0 0 0 0 0 0 0 0 0 0 0 0 0 0 0 0 0 0 0 0 0
 [886] 0 0 0 0 0 0 0 0 0 0 0 0 0 0 0 0 0 0 0 0 0 0 0 0 0 0 0 0 0 0 0 0 0 0 0 0 0 0 0 0 0 0 0 0 0 0 0 0 0 0 0 0 0 0 0 0 0 0 0
 [945] 0 0 0 0 0 0 0 0 0 0 0 0 0 0 0 0 0 0 0 0 0 0 0 0 0 0 0 0 0 0 0 0 0 0 0 0 0 0 0 0 0 0 0 0 0 0 0 0 0 0 0 0 0 0 0 0
 [ reached 'max' / getOption("max.print") -- omitted 478 entries ]

Slot "react_id":
   [1] "12PPDSDH"           "12PPDt"             "13PPDHr"            "13PPDt"             "23DHMPO"           
   [6] "26DAPLLATi"         "26DAPt2r"           "2AHBUTI"            "2IMZS"              "2MBCOATA"          
  [11] "2S6HCC"             "3CARLPDH"           "3HAD100"            "3HAD10M12"          "3HAD11M12"         
  [16] "3HAD120"            "3HAD12M14"          "3HAD13M14"          "3HAD140"            "3HAD14M16"         
  [21] "3HAD15M16"          "3HAD160"            "3HAD180"            "3HAD40"             "3HAD4M6"           
  [26] "3HAD5M6"            "3HAD60"             "3HAD6M8"            "3HAD7M8"            "3HAD80"            
  [31] "3HAD8M10"           "3HAD9M10"           "3HBCOAE"            "3MOBS"              "3OAR100"           
  [36] "3OAR10M11"          "3OAR10M12"          "3OAR11M12"          "3OAR120"            "3OAR12M13"         
  [41] "3OAR12M14"          "3OAR13M14"          "3OAR140"            "3OAR14M15"          "3OAR14M16"         
  [46] "3OAR15M16"          "3OAR160"            "3OAR180"            "3OAR40"             "3OAR4M5"           
  [51] "3OAR4M6"            "3OAR5M6"            "3OAR60"             "3OAR6M7"            "3OAR6M8"           
  [56] "3OAR7M8"            "3OAR80"             "3OAR8M10"           "3OAR8M9"            "3OAR9M10"          
  [61] "3OAS100"            "3OAS10M11"          "3OAS10M12"          "3OAS11M12"          "3OAS120"           
  [66] "3OAS12M13"          "3OAS12M14"          "3OAS13M14"          "3OAS140"            "3OAS160"           
  [71] "3OAS180"            "3OAS2M3"            "3OAS3M4"            "3OAS4M3O6"          "3OAS4M5"           
  [76] "3OAS4M6"            "3OAS5M6"            "3OAS60"             "3OAS6M7"            "3OAS6M8"           
  [81] "3OAS7M8"            "3OAS80"             "3OAS8M10"           "3OAS8M9"            "3OAS9M10"          
  [86] "4ABZt2"             "4HBNOX"             "4HTHDR"             "4HTHDS"             "4HTHRS"            
  [91] "4NTPPH2"            "56DFURADH"          "5AIZCDC"            "5C2O3EDDC"          "5DOAN"             
  [96] "5FURAt"             "5MTHCYST"           "6PHBG"              "6PHBG2"             "AACGLYDH"          
 [101] "AACPS6"             "AB6PGH"             "AB6PGH2"            "ABTAr"              "ABTOXy"            
 [106] "ABUTD"              "ABUTR"              "ACACCTr"            "ACACT1r"            "ACACT2r"           
 [111] "ACALD"              "ACALDt"             "ACBIPGT"            "ACCOAC"             "ACCOACL"           
 [116] "ACEDIPIT"           "ACGAMT"             "ACGApts"            "ACGK"               "ACGS"              
 [121] "ACHBPL"             "ACKr"               "ACLS_a"             "ACLS_b"             "ACNML"             
 [126] "ACOAAGPAT140"       "ACOAAGPAT160"       "ACOAAGPAT180"       "ACOAAGPATAI15"      "ACOAAGPATAI17"     
 [131] "ACOAAGPATI14"       "ACOAAGPATI15"       "ACOAAGPATI16"       "ACOAAGPATI17"       "ACOAD1i"           
 [136] "ACOAD20"            "ACOADH2"            "ACOATA"             "ACOCT"              "ACODAr"            
 [141] "ACONTa"             "ACONTb"             "ACOTA"              "ACPS1"              "ACYP"              
 [146] "ACYP_2"             "ACtr"               "ADA"                "ADCL"               "ADCPS2"            
 [151] "ADCS"               "ADCYRS"             "ADD"                "ADK1"               "ADK10"             
 [156] "ADK11"              "ADK2"               "ADK3"               "ADK5"               "ADK7"              
 [161] "ADK8"               "ADK9"               "ADMDCr"             "ADNCNT3tc"          "ADNCYC"            
 [166] "ADOCBIK"            "ADOCBIK2"           "ADOCBLS"            "ADOCBLabc"          "ADPT"              
 [171] "ADSL1r"             "ADSL2r"             "ADSS"               "AEPPT"              "AGDC"              
 [176] "AGMT"               "AGPAT120"           "AGPAT140"           "AGPAT141"           "AGPAT160"          
 [181] "AGPAT161"           "AGPAT180"           "AGPAT181"           "AGPR"               "AHC"               
 [186] "AHCYSNS_r"          "AHMMPS"             "AHSERL2"            "AHSERL3"            "AICART"            
 [191] "AIHDUDPMG"          "AIHDUPDG"           "AIHPDCOATA"         "AIPDCOATA"          "AIRC4"             
 [196] "AKP1"               "ALAALA"             "ALAASP1c"           "ALAASPabc"          "ALACI"             
 [201] "ALAGLN1c"           "ALAGLNabc"          "ALAGLU1c"           "ALAGLUabc"          "ALAGLY1c"          
 [206] "ALAGLYabc"          "ALAHIS1c"           "ALAHISabc"          "ALALEU1c"           "ALALEUabc"         
 [211] "ALAPGPL"            "ALAR"               "ALATA_D"            "ALATHR1c"           "ALATHRabc"         
 [216] "ALAt2r"             "ALCD19"             "ALCD2x"             "ALDD2x"             "ALKP"              
 [221] "ALKP_R788e"         "ALLTN"              "ALLTNt2r"           "ALPHNH"             "ALTRH"             
 [226] "AMAA"               "AMALT1"             "AMALT2"             "AMALT3"             "AMALT4"            
 [231] "AMANAPEr"           "AMANK"              "AMAOTr"             "AMMQT8r"            "AMPMS3"            
 [236] "AMPSO3OX"           "AMPTASECG"          "AMPTASEGC"          "AMY1e"              "AMY2e"             
 [241] "ANPRT"              "ANS"                "ANS2"               "AOBUTDs"            "AOXSr"             
 [246] "APAT"               "APRAUR"             "ARAI"               "ARBTpts"            "ARBabc"            
 [251] "ARGDA"              "ARGDC"              "ARGN"               "ARGSL"              "ARGSS"             
 [256] "ASAD"               "ASCBPL"             "ASNS1"              "ASNS2"              "ASNt2r"            
 [261] "ASP1DC"             "ASPCT"              "ASPKi"              "ASPO1"              "ASPO6"             
 [266] "ASPT"               "ASPTA"              "ATPPRT"             "ATPS4"              "BACCLi"            
 [271] "BETALDHx"           "BETALDHy"           "BGLA"               "BGLA1"              "BPNT"              
 [276] "BTCOADH"            "BTDD_RR"            "BTNCLi"             "BTNabc"             "BUP2"              
 [281] "BUTCTr"             "BUTKr"              "BUTSO3abc"          "BUTt2r"             "CADVt"             
 [286] "CAP_NR"             "CAt4i"              "CBIAT"              "CBL1abc"            "CBL2abc"           
 [291] "CBLAT"              "CBPS"               "CD2abc1"            "CDPGHL"             "CDPGLYCGPT"        
 [296] "CDPMEK"             "CELBpts"            "CGLYabc"            "CHCOAL"             "CHORM"             
 [301] "CHORS"              "CHRPL"              "CITRAMALS"          "CLPNS140"           "CLPNS160"          
 [306] "CLPNS180"           "CLPNSAI15"          "CLPNSAI17"          "CLPNSI14"           "CLPNSI15"          
 [311] "CLPNSI16"           "CLPNSI17"           "CMLDC"              "CO2t"               "COBALTt5"          
 [316] "CPC2MT"             "CPC3MT"             "CPC4MT"             "CPC5MT"             "CPC5MT2"           
 [321] "CPC6MT"             "CPC6R"              "CPC8MM"             "CPPPGO"             "CPPPGO2"           
 [326] "CRO4t3"             "CS"                 "CSNt2"              "CTPS1"              "CTPS2"             
 [331] "CYRDAAT"            "CYRDAS"             "CYSDS"              "CYSS"               "CYSS3r"            
 [336] "CYSTGL"             "CYSTL"              "CYSTS"              "CYSt2r"             "CYTBD"             
 [341] "CYTD"               "CYTDK1"             "CYTDK2"             "CYTDK3"             "CYTDK4"            
 [346] "CYTDt2r"            "CYTK1"              "CYTK2"              "CZP_NR"             "Cuabc"             
 [351] "Cut1"               "DADA"               "DADNt2r"            "DAGK120"            "DAGK140"           
 [356] "DAGK141"            "DAGK160"            "DAGK161"            "DAGK180"            "DAGK181"           
 [361] "DALAt2r"            "DAPDAi"             "DAPDC"              "DAPE"               "DAPMDH"            
 [366] "DASYN120"           "DASYN140"           "DASYN141"           "DASYN160"           "DASYN161"          
 [371] "DASYN180"           "DASYN181"           "DASYNAI15"          "DASYNAI17"          "DASYNI14"          
 [376] "DASYNI15"           "DASYNI16"           "DASYNI17"           "DB4PS"              "DBTS"              
 [381] "DCMPDAi"            "DCTPD"              "DCTPD2"             "DCYTD"              "DCYTt2r"           
 [386] "DDGLK"              "DDPA"               "DDPGA"              "DEXTRINASE"         "DEXTRINabc"        
 [391] "DFDCYTDD"           "DFDCYTDabc"         "DFDURIte"           "DGK1"               "DGSNt2"            
 [396] "DH5FURAt"           "DHAD1"              "DHAD2"              "DHAK"               "DHAPT"             
 [401] "DHDPRyr"            "DHDPS"              "DHFOR2"             "DHFR"               "DHFS"              
 [406] "DHNAOT"             "DHNPA"              "DHORD2"             "DHORD5"             "DHORDfum"          
 [411] "DHORDi"             "DHORDnad"           "DHORTS"             "DHPM1"              "DHPM2"             
 [416] "DHPPDA"             "DHPPDA2"            "DHPS"               "DHQS"               "DHQTi"             
 [421] "DINSt2"             "DMATT"              "DMPPS"              "DMPPS2r"            "DMQMT"             
 [426] "DM_2HYMEPH"         "DM_2obut_c"         "DM_4HBA"            "DM_5DRIB"           "DM_5MTR"           
 [431] "DM_AMOB"            "DM_GCALD"           "DM_HQN"             "DM_NA1"             "DM_atp_c"          
 [436] "DM_btn"             "DM_clpn140_c"       "DM_clpn160_c"       "DM_clpn180_c"       "DM_clpnai15_c"     
 [441] "DM_clpnai17_c"      "DM_clpni15_c"       "DM_clpni16_c"       "DM_clpni17_c"       "DM_dad_5"          
 [446] "DM_dhptd_c"         "DM_teich__45__BS_c" "DM_this_c"          "DNMPPA"             "DNTPPA"            
 [451] "DPCOAK"             "DPR"                "DRBK"               "DRIBabc"            "DRPAr"             
 [456] "DTMPK"              "DURAD2"             "DURADi"             "DURIK1"             "DURIPP"            
 [461] "DURIt2"             "DUTPDP"             "DXPRIr"             "DXPS"               "DXYTST"            
 [466] "D_LACD"             "D_LACt2"            "E4PD"               "EAR100x"            "EAR10M12x"         
 [471] "EAR11M12x"          "EAR120x"            "EAR12M14x"          "EAR13M14x"          "EAR140x"           
 [476] "EAR14M16x"          "EAR15M16x"          "EAR160x"            "EAR180x"            "EAR40x"            
 [481] "EAR4M6x"            "EAR5M6x"            "EAR60x"             "EAR6M8x"            "EAR7M8x"           
 [486] "EAR80x"             "EAR8M10x"           "EAR9M10x"           "ECOAH1"             "ECOAH1R"           
 [491] "EDA_R"              "EHGLAT"             "ENO"                "ETHAAL"             "ETHSO3abc"         
 [496] "ETOHt2r"            "EX_12ppd__S_e"      "EX_13ppd_e"         "EX_15dap_e"         "EX_26dap__M_e"     
 [501] "EX_4abz_e"          "EX_5fura_e"         "EX_7a__czp_e"       "EX_Lcyst_e"         "EX_Tyr__ggn_e"     
 [506] "EX_ac_e"            "EX_acald_e"         "EX_acgam_e"         "EX_adn_e"           "EX_adocbl_e"       
 [511] "EX_ala__D_e"        "EX_ala__L_e"        "EX_alaasp_e"        "EX_alagln_e"        "EX_alaglu_e"       
 [516] "EX_alagly_e"        "EX_alahis_e"        "EX_alaleu_e"        "EX_alathr_e"        "EX_alltn_e"        
 [521] "EX_anzp_e"          "EX_arab__L_e"       "EX_arbt_e"          "EX_asn__L_e"        "EX_biomass_e"      
 [526] "EX_btn_e"           "EX_but_e"           "EX_butso3_e"        "EX_ca2_e"           "EX_cbl1_e"         
 [531] "EX_cbl2_e"          "EX_cd2_e"           "EX_cellb_e"         "EX_cgly_e"          "EX_chlphncl_e"     
 [536] "EX_cl_e"            "EX_co2_e"           "EX_cobalt2_e"       "EX_cro4_e"          "EX_csn_e"          
 [541] "EX_cu2_e"           "EX_cys__L_e"        "EX_cytd_e"          "EX_czp_e"           "EX_dad__2_e"       
 [546] "EX_dcyt_e"          "EX_dextrin_e"       "EX_dfdcytd_e"       "EX_dfduri_e"        "EX_dgsn_e"         
 [551] "EX_dh5fura_e"       "EX_din_e"           "EX_drib_e"          "EX_duri_e"          "EX_ethso3_e"       
 [556] "EX_etoh_e"          "EX_fe2_e"           "EX_fe3_e"           "EX_fecrm_e"         "EX_fol_e"          
 [561] "EX_for_e"           "EX_fru_e"           "EX_fuc1p__L_e"      "EX_fum_e"           "EX_g6p_e"          
 [566] "EX_gal_e"           "EX_galt_e"          "EX_galur_e"         "EX_gam_e"           "EX_glc__D_e"       
 [571] "EX_gln__L_e"        "EX_glu__L_e"        "EX_gly_e"           "EX_glyasn_e"        "EX_glyasp_e"       
 [576] "EX_glyb_e"          "EX_glyc_e"          "EX_glyc3p_e"        "EX_glycys_e"        "EX_glygln_e"       
 [581] "EX_glyglu_e"        "EX_glygn2_e"        "EX_glygn4_e"        "EX_glygn5_e"        "EX_glyleu_e"       
 [586] "EX_glymet_e"        "EX_glyphe_e"        "EX_glypro_e"        "EX_glytyr_e"        "EX_gua_e"          
 [591] "EX_h_e"             "EX_h2_e"            "EX_h2o_e"           "EX_h2s_e"           "EX_hexs_e"         
 [596] "EX_hg2_e"           "EX_hxan_e"          "EX_ile__L_e"        "EX_ins_e"           "EX_isetac_e"       
 [601] "EX_k_e"             "EX_kesto_e"         "EX_kestopt_e"       "EX_kestottr_e"      "EX_lac__D_e"       
 [606] "EX_lac__L_e"        "EX_lactl_e"         "EX_lcts_e"          "EX_leu__L_e"        "EX_lys__L_e"       
 [611] "EX_malt_e"          "EX_malthx_e"        "EX_malttr_e"        "EX_man_e"           "EX_man6p_e"        
 [616] "EX_mantr_e"         "EX_melib_e"         "EX_meoh_e"          "EX_met__D_e"        "EX_met__L_e"       
 [621] "EX_metala_e"        "EX_metsox__S__L_e"  "EX_mg2_e"           "EX_mn2_e"           "EX_mnl_e"          
 [626] "EX_mobd_e"          "EX_mops_e"          "EX_mqn8_e"          "EX_mso3_e"          "EX_n2_e"           
 [631] "EX_na1_e"           "EX_nac_e"           "EX_nchlphncl_e"     "EX_nh4_e"           "EX_no2_e"          
 [636] "EX_no3_e"           "EX_nzp_e"           "EX_o2_e"            "EX_ocdca_e"         "EX_orot_e"         
 [641] "EX_pb_e"            "EX_pcresol_e"       "EX_pect_e"          "EX_phe__L_e"        "EX_pi_e"           
 [646] "EX_pime_e"          "EX_pnto__R_e"       "EX_ppal_e"          "EX_ppi_e"           "EX_pro__L_e"       
 [651] "EX_ptrc_e"          "EX_pydxn_e"         "EX_pyr_e"           "EX_r406_e"          "EX_r788_e"         
 [656] "EX_raffin_e"        "EX_rib__D_e"        "EX_ribflv_e"        "EX_salcn_e"         "EX_sbt__D_e"       
 [661] "EX_sheme_e"         "EX_so4_e"           "EX_spmd_e"          "EX_strch1_e"        "EX_strch2_e"       
 [666] "EX_stys_e"          "EX_succ_e"          "EX_sucr_e"          "EX_sulfac_e"        "EX_taur_e"         
 [671] "EX_thm_e"           "EX_thymd_e"         "EX_tre_e"           "EX_trp__L_e"        "EX_tsul_e"         
 [676] "EX_ura_e"           "EX_urea_e"          "EX_uri_e"           "EX_val__L_e"        "EX_xan_e"          
 [681] "EX_xyl__D_e"        "EX_zn2_e"           "F1PPt"              "FBA"                "FBA2"              
 [686] "FBA3"               "FBP"                "FCLTc"              "FDH"                "FDNADOX_H"         
 [691] "FE2abc"             "FE3abc"             "FECRMabc"           "FFSD"               "FMNAT"             
 [696] "FOLABCCte"          "FOLD3"              "FOLabc"             "FORTHFC"            "FORt"              
 [701] "FPGS7"              "FPGS_tm"            "FRD2"               "FRD3"               "FRD7"              
 [706] "FRUK"               "FRUpts"             "FRUt2r"             "FTHFCL"             "FTHFL"             
 [711] "FUM"                "FUMt2"              "FXXRDO"             "G1PACT"             "G1PCT"             
 [716] "G1PTT"              "G1SAT"              "G3PAT120"           "G3PAT140"           "G3PAT141"          
 [721] "G3PAT160"           "G3PAT161"           "G3PAT180"           "G3PAT181"           "G3PATAI15"         
 [726] "G3PATAI17"          "G3PATI14"           "G3PATI15"           "G3PATI16"           "G3PATI17"          
 [731] "G3PCT"              "G3PD1"              "G3PD2"              "G5SADs"             "G5SDr"             
 [736] "G6PDA"              "G6PI"               "G6PI3"              "G6Pt6_2"            "GAL6PI"            
 [741] "GALASE_LACTL"       "GALK"               "GALM1r"             "GALS3"              "GALT"              
 [746] "GALTpts"            "GALU"               "GALURt2r"           "GALabc"             "GALt1r"            
 [751] "GAMYe"              "GAMpts"             "GAPD"               "GAPD_NADP"          "GARFTi"            
 [756] "GF6PTA"             "GHMT2r"             "GK1"                "GK2"                "GLCP3"             
 [761] "GLCS3"              "GLCTR4r"            "GLCabc"             "GLCpts"             "GLGC"              
 [766] "GLNS"               "GLNSP1"             "GLNSP2"             "GLNSP3"             "GLNabc"            
 [771] "GLU5K"              "GLUCYS"             "GLUDy"              "GLUOX"              "GLUPRT"            
 [776] "GLUR"               "GLUSx"              "GLUSy"              "GLUTRR"             "GLUTRS"            
 [781] "GLUt2r"             "GLXO1"              "GLYASN1c"           "GLYASNabc"          "GLYASP1c"          
 [786] "GLYASPabc"          "GLYBabc"            "GLYC3Pabc"          "GLYCDx"             "GLYCTO1"           
 [791] "GLYCTO2"            "GLYCTO3"            "GLYCTO4"            "GLYCYSabc"          "GLYCt"             
 [796] "GLYGLN1c"           "GLYGLNabc"          "GLYGLU1c"           "GLYGLUabc"          "GLYK"              
 [801] "GLYLEUHYDROc"       "GLYLEUPEPT1tc"      "GLYMET1c"           "GLYMETabc"          "GLYPHEHYc"         
 [806] "GLYPHEabc"          "GLYPROPRO1c"        "GLYPROabc"          "GLYTYR1c"           "GLYTYRabc"         
 [811] "GMPS2"              "GPDDA1"             "GPDDA2"             "GPDDA4"             "GRTT"              
 [816] "GTHS"               "GTPCI"              "GTPCII"             "GTPDPK"             "GUAD"              
 [821] "GUAPRT"             "GUAt2"              "GUI1"               "GUI2"               "H2CO3D"            
 [826] "H2Ot"               "H2St"               "H2td"               "HACD1"              "HBZOPT"            
 [831] "HCITS"              "HDG3PACT"           "HETT"               "HETZK"              "HEX1"              
 [836] "HEX4"               "HEX7"               "HEXSabc"            "HEXTT"              "HEXb"              
 [841] "HG2abc"             "HISTD"              "HISTDOX"            "HISTLOX"            "HISTP"             
 [846] "HKt"                "HMBS"               "HMPK1"              "HMR_7137"           "HPPK"              
 [851] "HSDx"               "HSDy"               "HSERTA"             "HSK"                "HSST"              
 [856] "HSTPTr"             "HXAND"              "HXPRT"              "HYD4"               "HYXNti"            
 [861] "IAHDGK"             "IAPDGK"             "IBCOATA"            "ICDHy"              "ICHORS"            
 [866] "ICHORT"             "IG3PS"              "IGPDH"              "IGPS"               "IHDCOATA"          
 [871] "IHDGK"              "IHDUDPG"            "IHDUDPMG"           "IHPDCOATA"          "IHXDGK"            
 [876] "ILETA"              "ILEabc"             "ILEt2r"             "ILEt4"              "IMACTD"            
 [881] "IMPC"               "IMPD"               "INS2D"              "INSt2"              "IPDCOATA"          
 [886] "IPDDI"              "IPDGK"              "IPDPS"              "IPDPS2"             "IPFPHS"            
 [891] "IPMD2"              "IPMDr"              "IPPMIa"             "IPPMIb"             "ISETACabc"         
 [896] "ISOMALT"            "ITDCOATA"           "ITDGK"              "IVCOATA"            "KARA1"             
 [901] "KARA2"              "KARA3"              "KAS14"              "KESTOASEe"          "KESTOPTASEe"       
 [906] "KESTOTTRASEe"       "Kt1r"               "Kt3"                "L2A6ODs"            "LACTLt"            
 [911] "LACZ"               "LARGNAT"            "LCTSabc"            "LCYSTabc"           "LDH_D"             
 [916] "LDH_D2"             "LDH_L"              "LEUTA"              "LEUabc"             "LEUt2r"            
 [921] "LEUt4"              "LGTHL"              "LPLIPAL1A120"       "LPLIPAL1A140"       "LPLIPAL1A141"      
 [926] "LPLIPAL1A160"       "LPLIPAL1A161"       "LPLIPAL1A180"       "LPLIPAL1A181"       "LPLIPAL1E120"      
 [931] "LPLIPAL1E140"       "LPLIPAL1E141"       "LPLIPAL1E160"       "LPLIPAL1E161"       "LPLIPAL1E180"      
 [936] "LPLIPAL1E181"       "LPLIPAL1G120"       "LPLIPAL1G140"       "LPLIPAL1G141"       "LPLIPAL1G160"      
 [941] "LPLIPAL1G161"       "LPLIPAL1G180"       "LPLIPAL1G181"       "LPLIPAL2A120"       "LPLIPAL2A140"      
 [946] "LPLIPAL2A141"       "LPLIPAL2A160"       "LPLIPAL2A161"       "LPLIPAL2A180"       "LPLIPAL2A181"      
 [951] "LPLIPAL2E120"       "LPLIPAL2E140"       "LPLIPAL2E141"       "LPLIPAL2E160"       "LPLIPAL2E161"      
 [956] "LPLIPAL2E180"       "LPLIPAL2E181"       "LPLIPAL2G120"       "LPLIPAL2G140"       "LPLIPAL2G141"      
 [961] "LPLIPAL2G160"       "LPLIPAL2G161"       "LPLIPAL2G180"       "LPLIPAL2G181"       "LYSDC"             
 [966] "L_AROND"            "L_LACD"             "L_LACD2"            "L_LACD3"            "L_LACt2r"          
 [971] "L_TRPCOO"           "MADGBG"             "MALT"               "MALT6PH"            "MALTHXabc"         
 [976] "MALTTRabc"          "MALTabc"            "MALTpts"            "MAN1PT2"            "MAN6PI"            
 [981] "MAN6Pt6_2"          "MANA4"              "MANTRabc"           "MANabc"             "MANpts"            
 [986] "MBDGBG"             "MCOATA"             "MDH"                "ME2"                "MECDPDH2"          
 [991] "MECDPS"             "MELIBabc"           "MELIBt2r"           "MEOHt2"             "MEPCT"             
 [996] "METALA1c"           "METALAabc"          "METAT"              "METDabc"            "METFR"             
 [ reached 'max' / getOption("max.print") -- omitted 478 entries ]

Slot "met_id":
                                                                                                                        
     "10fthf5glu_c"          "10fthf_c"    "10m3hddcaACP_c"   "10m3hundecACP_c"    "10m3oddcaACP_c"   "10m3oundecACP_c" 
                                                                                                                        
     "10mddcaACP_c"   "10mtddec2eACP_c"     "10mundecACP_c"    "11m3hddcaACP_c"    "11m3oddcaACP_c"      "11mddcaACP_c" 
                                                                                                                        
  "11mtddec2eACP_c"     "12daihdglyc_c"     "12daipdglyc_c"        "12dgr120_c"        "12dgr140_c"        "12dgr141_c" 
                                                                                                                        
       "12dgr160_c"        "12dgr161_c"        "12dgr180_c"        "12dgr181_c"      "12dihdglyc_c"      "12dipdglyc_c" 
                                                                                                                        
     "12ditdglyc_c"      "12dixdglyc_c"    "12m3hmyrsACP_c"  "12m3htridecACP_c"    "12m3omyrsACP_c"  "12m3otridecACP_c" 
                                                                                                                        
     "12mmyrsACP_c"    "12mtmrs2eACP_c"    "12mtridecACP_c"        "12ppd__S_c"        "12ppd__S_e"           "13dpg_c" 
                                                                                                                        
   "13m3hmyrsACP_c"    "13m3omyrsACP_c"      "13mmyrsACP_c"    "13mtmrs2eACP_c"           "13ppd_c"           "13ppd_e" 
                                                                                                                        
   "14m3hpalmACP_c" "14m3hpentdecACP_c"    "14m3opalmACP_c" "14m3opentdecACP_c"      "14mpalmACP_c"   "14mpentdecACP_c" 
                                                                                                                        
  "14mtpalm2eACP_c"           "15dap_c"           "15dap_e"    "15m3hpalmACP_c"    "15m3opalmACP_c"      "15mpalmACP_c" 
                                                                                                                        
  "15mtpalm2eACP_c"        "1agpe120_c"        "1agpe140_c"        "1agpe141_c"        "1agpe160_c"        "1agpe161_c" 
                                                                                                                        
       "1agpe180_c"        "1agpe181_c"        "1agpg120_c"        "1agpg140_c"        "1agpg141_c"        "1agpg160_c" 
                                                                                                                        
       "1agpg161_c"        "1agpg180_c"        "1agpg181_c"     "1aihpdecg3p_c"      "1aipdecg3p_c"        "1ddecg3p_c" 
                                                                                                                        
     "1hdec9eg3p_c"        "1hdecg3p_c"       "1ihdecg3p_c"      "1ihpdecg3p_c"       "1ipdecg3p_c"       "1itdecg3p_c" 
                                                                                                                        
    "1odec11eg3p_c"        "1odecg3p_c"          "1pyr5c_c"      "1tdec7eg3p_c"        "1tdecg3p_c"          "23ddhb_c" 
                                                                                                                        
         "23dhdp_c"          "23dhmb_c"          "23dhmp_c"          "25aics_c"          "25dhpp_c"         "25drapp_c" 
                                                                                                                        
      "26dap__LL_c"        "26dap__M_c"        "26dap__M_e"        "2agpe120_c"        "2agpe140_c"        "2agpe141_c" 
                                                                                                                        
       "2agpe160_c"        "2agpe161_c"        "2agpe180_c"        "2agpe181_c"        "2agpg120_c"        "2agpg140_c" 
                                                                                                                        
       "2agpg141_c"        "2agpg160_c"        "2agpg161_c"        "2agpg180_c"        "2agpg181_c"          "2ahbut_c" 
                                                                                                                        
         "2ahhmd_c"          "2ahhmp_c"          "2ameph_c"          "2aobut_c"         "2c25dho_c"       "2c4mthzep_c" 
                                                                                                                        
         "2cpr5p_c"          "2dda7p_c"        "2ddecg3p_c"          "2ddg6p_c"         "2ddglcn_c"            "2dhp_c" 
                                                                                                                        
         "2dmmq8_c"         "2dmmql8_c"           "2dr1p_c"           "2dr5p_c"        "2h3oppan_c"      "2hdec9eg3p_c" 
                                                                                                                        
       "2hdecg3p_c"         "2hh24dd_c"         "2hymeph_c"            "2ins_c"           "2ippm_c"          "2mahmp_c" 
                                                                                                                        
        "2mb2coa_c"          "2mbcoa_c"        "2mbutACP_c"           "2me4p_c"          "2mecdp_c"           "2mmal_c" 
                                                                                                                        
         "2mnptl_c"         "2mp2coa_c"       "2mpropACP_c"           "2obut_c"     "2odec11eg3p_c"        "2odecg3p_c" 
                                                                                                                        
          "2ohph_c"          "2ombzl_c"         "2omhmbl_c"          "2ommbl_c"           "2omph_c"            "2oph_c" 
                                                                                                                        
        "2p4c2me_c"             "2pg_c"          "2shchc_c"      "2tdec7eg3p_c"        "2tdecg3p_c"     "33hmeoxobut_c" 
                                                                                                                        
          "34hpp_c"         "3aib__D_c"          "3c2hmp_c"          "3c3hmp_c"          "3c4mop_c"        "3dhgulnp_c" 
                                                                                                                        
           "3dhq_c"           "3dhsk_c"          "3h3mop_c"          "3haACP_c"          "3hbcoa_c"       "3hbcoa__R_c" 
                                                                                                                        
      "3hddecACP_c"        "3hdecACP_c"        "3hhexACP_c"        "3hmrsACP_c"        "3hoctACP_c"       "3hoctaACP_c" 
                                                                                                                        
      "3hpalmACP_c"          "3hppnl_c"           "3ig3p_c"        "3mbutACP_c"            "3mob_c"            "3mop_c" 
                                                                                                                        
      "3oddecACP_c"        "3odecACP_c"          "3ohcoa_c"        "3ohexACP_c"        "3omrsACP_c"        "3ooctACP_c" 
                                                                                                                        
      "3ooctdACP_c"       "3opalmACP_c"           "3ophb_c"             "3pg_c"            "3php_c"           "3psme_c" 
                                                                                                                        
           "3uib_c"           "4abut_c"          "4abutn_c"            "4abz_c"            "4abz_e"          "4adcho_c" 
                                                                                                                        
         "4ahmmp_c"           "4ampm_c"           "4c2me_c"         "4h2oglt_c"            "4hba_c"            "4hbz_c" 
                                                                                                                        
       "4hdxbutn_c"          "4hthdp_c"           "4hthr_c"      "4m3hhexACP_c"     "4m3hpentACP_c"      "4m3ohexACP_c" 
                                                                                                                        
    "4m3opentACP_c"          "4mhetz_c"        "4mhexACP_c"            "4mop_c"       "4mpentACP_c"          "4mpetz_c" 
                                                                                                                        
    "4mthex2eACP_c"           "4pasp_c"            "4per_c"           "4ppan_c"          "4ppcys_c"           "4r5au_c" 
                                                                                                                        
         "56dthm_c"          "56dura_c"           "5aizc_c"            "5aop_c"          "5aprbu_c"           "5apru_c" 
                                                                                                                        
        "5c2o3ed_c"           "5drib_c"         "5forthf_c"           "5fthf_c"           "5fura_c"           "5fura_e" 
                                                                                                                        
     "5m3hhexACP_c"      "5m3ohexACP_c"        "5mhexACP_c"            "5mta_c"     "5mthex2eACP_c"           "5mthf_c" 
                                                                                                                        
        "5mthglu_c"            "5mtr_c"         "5odhf2a_c"         "5prdmbz_c"     "6m3hheptACP_c"       "6m3hocACP_c" 
                                                                                                                        
    "6m3oheptACP_c"       "6m3oocACP_c"       "6mheptACP_c"         "6mocACP_c"     "6mtoct2eACP_c"            "6pgg_c" 
                                                                                                                        
        "7a__czp_c"         "7a__czp_e"       "7m3hocACP_c"       "7m3oocACP_c"         "7mocACP_c"     "7mtoct2eACP_c" 
                                                                                                                        
          "8aonn_c"      "8m3hdcaACP_c"      "8m3hnonACP_c"      "8m3odcaACP_c"      "8m3ononACP_c"        "8mdcaACP_c" 
                                                                                                                        
       "8mnonACP_c"     "8mtdec2eACP_c"      "9m3hdcaACP_c"      "9m3odcaACP_c"        "9mdcaACP_c"     "9mtdec2eACP_c" 
                                                                                                                        
            "ACP_c"         "HC00695_c"         "HC01104_c"         "HC01434_c"         "HC01435_c"         "HC01651_c" 
                                                                                                                        
        "HC01652_c"         "HC01710_c"           "Largn_c"           "Lcyst_c"           "Lcyst_e"          "M02469_c" 
                                                                                                                        
     "Naccitr__L_c"             "PGP_c"           "PGPm1_c"        "Tyr__ggn_e"          "aacald_c"           "aacoa_c" 
                                                                                                                        
           "aact_c"             "abt_c"           "acACP_c"              "ac_c"              "ac_e"            "acac_c" 
                                                                                                                        
          "acald_c"           "acald_e"         "acamoxm_c"   "acbdma14gapuc_c"           "accoa_c"           "acg5p_c" 
                                                                                                                        
         "acg5sa_c"         "acgam1p_c"         "acgam6p_c"           "acgam_e"           "acglu_c"           "achms_c" 
                                                                                                                        
          "acmam_c"          "acmama_c"          "acmana_c"         "acmanap_c"           "acnam_c"         "acon__C_c" 
                                                                                                                        
          "acorn_c"           "acser_c"          "actACP_c"         "actn__R_c"         "actn__S_c"            "actp_c" 
                                                                                                                        
       "adcobdam_c"        "adcobhex_c"             "ade_c"             "adn_c"             "adn_e"          "adocbi_c" 
                                                                                                                        
        "adocbip_c"          "adocbl_c"          "adocbl_e"             "adp_c"          "adpglc_c"         "agdpcbi_c" 
                                                                                                                        
            "agm_c"           "ahcys_c"            "ahdt_c"        "ai15tca1_c"    "ai15tcaacgam_c"   "ai15tcaala__D_c" 
                                                                                                                        
       "ai17tca1_c"    "ai17tcaacgam_c"   "ai17tcaala__D_c"      "ai17tcaglc_c"           "aicar_c"        "aihpdcoa_c" 
                                                                                                                        
        "aipdcoa_c"             "air_c"             "akg_c"          "ala__B_c"          "ala__D_c"          "ala__D_e" 
                                                                                                                        
         "ala__L_c"          "ala__L_e"          "alaala_c"          "alaasp_c"          "alaasp_e"         "alac__S_c" 
                                                                                                                        
         "alagln_c"          "alagln_e"          "alaglu_c"          "alaglu_e"          "alagly_c"          "alagly_e" 
                                                                                                                        
         "alahis_c"          "alahis_e"          "alaleu_c"          "alaleu_e"          "alathr_c"          "alathr_e" 
                                                                                                                        
         "allphn_c"           "alltn_c"           "alltn_e"           "alltt_c"           "altrn_c"            "amet_c" 
                                                                                                                        
         "ametam_c"            "amob_c"             "amp_c"            "anth_c"            "anzp_c"            "anzp_e" 
                                                                                                                        
         "apoACP_c"  "apoC__Lys__btn_c"           "applp_c"             "aps_c"         "arab__L_c"         "arab__L_e" 
                                                                                                                        
         "arbt6p_c"            "arbt_e"          "arg__L_c"          "argsuc_c"          "ascb6p_c"          "asn__L_c" 
                                                                                                                        
         "asn__L_e"          "asp__L_c"           "aspsa_c"           "athis_c"             "atp_c"           "b2coa_c" 
                                                                                                                        
         "betald_c"         "biomass_c"           "btamp_c"           "btcoa_c"         "btd__RR_c"         "btd__SS_c" 
                                                                                                                        
            "btn_c"             "btn_e"        "btn__co2_c"        "but2eACP_c"          "butACP_c"             "but_c" 
                                                                                                                        
            "but_e"           "butpi_c"          "butso3_c"          "butso3_e"             "ca2_c"             "ca2_e" 
                                                                                                                        
           "cala_c"            "camp_c"           "cbasp_c"             "cbi_c"            "cbl1_c"            "cbl1_e" 
                                                                                                                        
           "cbl2_c"            "cbl2_e"             "cbp_c"             "cd2_c"             "cd2_e"             "cdp_c" 
                                                                                                                        
   "cdpdaihpdecg_c"     "cdpdaipdecg_c"       "cdpdddecg_c"          "cdpddg_c"     "cdpdhdec9eg_c"       "cdpdhdecg_c" 
                                                                                                                        
     "cdpdihdecg_c"     "cdpdihpdecg_c"      "cdpdipdecg_c"      "cdpditdecg_c"    "cdpdodec11eg_c"       "cdpdodecg_c" 
                                                                                                                        
    "cdpdtdec7eg_c"       "cdpdtdecg_c"          "cdpglc_c"         "cdpglyc_c"           "cellb_c"           "cellb_e" 
                                                                                                                        
           "cgly_c"            "cgly_e"        "chlphncl_c"        "chlphncl_e"            "chol_c"            "chor_c" 
                                                                                                                        
            "cit_c"         "citr__L_c"              "cl_c"              "cl_e"         "clpn140_c"         "clpn160_c" 
                                                                                                                        
        "clpn180_c"        "clpnai15_c"        "clpnai17_c"         "clpni14_c"         "clpni15_c"         "clpni16_c" 
                                                                                                                        
        "clpni17_c"             "cmp_c"          "co1dam_c"             "co2_c"             "co2_e"          "co2dam_c" 
                                                                                                                        
             "co_c"             "coa_c"         "cobalt2_c"         "cobalt2_e"           "cobya_c"        "codhpre6_c" 
                                                                                                                        
         "copre2_c"          "copre3_c"          "copre4_c"          "copre5_c"         "copre5b_c"          "copre6_c" 
                                                                                                                        
         "copre8_c"          "cpppg3_c"            "cro4_c"            "cro4_e"             "csn_c"             "csn_e" 
                                                                                                                        
          "cthzp_c"             "ctp_c"             "cu2_c"             "cu2_e"          "cys__L_c"          "cys__L_e" 
                                                                                                                        
        "cyst__L_c"            "cytd_c"            "cytd_e"             "czp_c"             "czp_e"          "dad__2_c" 
                                                                                                                        
         "dad__2_e"          "dad__5_c"            "dadp_c"            "damp_c"            "dann_c"            "datp_c" 
                                                                                                                        
           "db4p_c"          "dcaACP_c"           "dcamp_c"            "dcdp_c"            "dcmp_c"            "dctp_c" 
                                                                                                                        
           "dcyt_c"            "dcyt_e"         "ddcaACP_c"            "ddca_c"         "dextrin_c"         "dextrin_e" 
                                                                                                                        
        "dfdcytd_c"         "dfdcytd_e"          "dfduri_c"          "dfduri_e"          "dgal6p_c"            "dgdp_c" 
                                                                                                                        
           "dgmp_c"            "dgsn_c"            "dgsn_e"            "dgtp_c"         "dh5fura_c"         "dh5fura_e" 
                                                                                                                        
            "dha_c"            "dhap_c"             "dhf_c"           "dhlam_c"            "dhna_c"           "dhnpt_c" 
                                                                                                                        
        "dhor__S_c"           "dhpmp_c"            "dhpt_c"           "dhptd_c"      "diglcpg180_c"     "diglcpgai17_c" 
                                                                                                                        
     "diglcpgi17_c"             "din_c"             "din_e"          "dmbzid_c"            "dmlz_c"            "dmpp_c" 
                                                                                                                        
           "dnad_c"          "dnarep_c"           "dpcoa_c"            "drib_c"            "drib_e"            "dscl_c" 
                                                                                                                        
           "dtbt_c"       "dtdp4d6dg_c"       "dtdp4d6dm_c"            "dtdp_c"         "dtdpglu_c"         "dtdprmn_c" 
                                                                                                                        
           "dtmp_c"            "dttp_c"            "dudp_c"            "dump_c"            "duri_c"            "duri_e" 
                                                                                                                        
           "dutp_c"          "dxyl5p_c"          "e3mmal_c"          "e4hglu_c"             "e4p_c"           "eig3p_c" 
                                                                                                                        
           "etha_c"          "ethso3_c"          "ethso3_e"            "etoh_c"            "etoh_e"             "f1p_c" 
                                                                                                                        
            "f6p_c"             "fad_c"           "fadh2_c"            "fald_c"             "fdp_c"           "fdxox_c" 
                                                                                                                        
          "fdxrd_c"             "fe2_c"             "fe2_e"             "fe3_c"             "fe3_e"           "fecrm_c" 
                                                                                                                        
          "fecrm_e"            "fgam_c"          "ficytC_c"             "fmn_c"          "focytC_c"             "fol_c" 
                                                                                                                        
            "fol_e"             "for_c"             "for_e"           "fpram_c"          "fprica_c"            "frdp_c" 
                                                                                                                        
            "fru_c"             "fru_e"           "fruur_c"        "fuc1p__L_c"        "fuc1p__L_e"             "fum_c" 
                                                                                                                        
            "fum_e"             "g1p_c"             "g3p_c"            "g3pc_c"            "g3pe_c"            "g3pg_c" 
                                                                                                                        
            "g6p_c"             "g6p_e"          "g6p__B_c"           "gal1p_c"             "gal_c"             "gal_e" 
                                                                                                                        
         "galt1p_c"            "galt_e"           "galur_c"           "galur_e"           "gam1p_c"           "gam6p_c" 
                                                                                                                        
            "gam_e"             "gar_c"           "gcald_c"             "gdp_c"         "gdpmann_c"           "gdptp_c" 
                                                                                                                        
         "glc__D_c"          "glc__D_e"         "glc__bD_c"           "glcur_c"          "gln__L_c"          "gln__L_e" 
                                                                                                                        
         "glu1sa_c"           "glu5p_c"          "glu5sa_c"          "glu__D_c"          "glu__L_c"          "glu__L_e" 
                                                                                                                        
         "glucys_c"         "glutrna_c"             "glx_c"             "gly_c"             "gly_e"          "glyald_c" 
                                                                                                                        
         "glyasn_c"          "glyasn_e"          "glyasp_c"          "glyasp_e"            "glyb_c"            "glyb_e" 
                                                                                                                        
         "glyc3p_c"          "glyc3p_e"       "glyc45tca_c" "glyc45tcaala__D_c"    "glyc45tcaglc_c"            "glyc_c" 
                                                                                                                        
           "glyc_e"         "glyc__R_c"          "glyclt_c"        "glycogen_c"       "glycogenb_c"          "glycys_c" 
                                                                                                                        
         "glycys_e"          "glygln_c"          "glygln_e"          "glyglu_c"          "glyglu_e"          "glygn2_e" 
                                                                                                                        
         "glygn4_e"          "glygn5_e"          "glyleu_c"          "glyleu_e"          "glymet_c"          "glymet_e" 
                                                                                                                        
         "glyphe_c"          "glyphe_e"          "glypro_c"          "glypro_e"          "glytyr_c"          "glytyr_e" 
                                                                                                                        
            "gmp_c"            "grdp_c"             "gsn_c"           "gthrd_c"             "gtp_c"             "gua_c" 
                                                                                                                        
            "gua_e"              "h2_c"              "h2_e"          "h2mb4p_c"            "h2o2_c"             "h2o_c" 
                                                                                                                        
            "h2o_e"             "h2s_c"             "h2s_e"               "h_c"               "h_e"            "hcit_c" 
                                                                                                                        
           "hco3_c"         "hcys__L_c"            "hdca_c"           "hdcea_c"          "hdeACP_c"           "hepdp_c" 
                                                                                                                        
        "hethmpp_c"          "hexACP_c"           "hexdp_c"            "hexs_c"            "hexs_e"             "hg2_c" 
                                                                                                                        
            "hg2_e"           "hgbam_c"           "hgbyr_c"          "his__L_c"            "hisp_c"           "histd_c" 
                                                                                                                        
       "histl__L_c"           "hmbil_c"          "hom__L_c"             "hqn_c"            "hxan_c"            "hxan_e" 
                                                                                                                        
        "i14tca1_c"     "i14tcaacgam_c"    "i14tcaala__D_c"         "i15tca1_c"     "i15tcaacgam_c"    "i15tcaala__D_c" 
                                                                                                                        
        "i16tca1_c"     "i16tcaacgam_c"    "i16tcaala__D_c"         "i17tca1_c"     "i17tcaacgam_c"    "i17tcaala__D_c" 
                                                                                                                        
      "i17tcaglc_c"            "iasp_c"           "ibcoa_c"           "ichor_c"            "icit_c"             "idp_c" 
                                                                                                                        
         "ihdcoa_c"         "ihpdcoa_c"          "ile__L_c"          "ile__L_e"           "im4ac_c"          "im4act_c" 
                                                                                                                        
          "imacp_c"          "imogly_c"             "imp_c"        "ind3acam_c"          "indole_c"          "indpyr_c" 
                                                                                                                        
          "inost_c"             "ins_c"             "ins_e"          "ipdcoa_c"            "ipdp_c"           "iscsh_c" 
                                                                                                                        
         "iscssh_c"          "isetac_c"          "isetac_e"          "isomal_c"          "itdcoa_c"             "itp_c" 
                                                                                                                        
          "ivcoa_c"               "k_c"               "k_e"           "kesto_e"         "kestopt_e"        "kestottr_e" 
                                                                                                                        
          "l2a6o_c"          "lac__D_c"          "lac__D_e"          "lac__L_c"          "lac__L_e"           "lactl_c" 
                                                                                                                        
          "lactl_e"            "lcts_c"            "lcts_e"          "leu__L_c"          "leu__L_e"          "lgt__S_c" 
                                                                                                                        
           "lpam_c"          "lys__L_c"          "lys__L_e"      "m12dahglyc_c"      "m12dihglyc_c"       "m12dsglyc_c" 
                                                                                                                        
           "madg_c"          "malACP_c"          "mal__L_c"          "malcoa_c"          "malt6p_c"            "malt_c" 
                                                                                                                        
           "malt_e"          "malthp_c"          "malthx_c"          "malthx_e"          "maltpt_c"          "malttr_c" 
                                                                                                                        
         "malttr_e"         "maltttr_c"           "man1p_c"           "man6p_c"           "man6p_e"             "man_c" 
                                                                                                                        
            "man_e"           "mantr_c"           "mantr_e"            "mbdg_c"           "melib_c"           "melib_e" 
                                                                                                                        
           "meoh_c"            "meoh_e"          "met__D_c"          "met__D_e"          "met__L_c"          "met__L_e" 
                                                                                                                        
         "metala_c"          "metala_e"           "methf_c"    "metsox__R__L_c"    "metsox__R__L_e"    "metsox__S__L_c" 
                                                                                                                        
   "metsox__S__L_e"             "mg2_c"             "mg2_e"           "mlthf_c"             "mn2_c"             "mn2_e" 
                                                                                                                        
          "mnl1p_c"             "mnl_e"            "mobd_c"            "mobd_e"            "mops_c"            "mops_e" 
                                                                                                                        
           "mql8_c"            "mqn8_c"            "mqn8_e"            "mso3_c"            "mso3_e"          "mthgxl_c" 
                                                                                                                        
        "myrsACP_c"        "myrstca1_c"    "myrstcaacgam_c"   "myrstcaala__D_c"              "n2_c"              "n2_e" 
                                                                                                                        
       "n6all26d_c"             "na1_c"             "na1_e"             "nac_c"             "nac_e"             "nad_c" 
                                                                                                                        
           "nadh_c"            "nadp_c"           "nadph_c"            "ncam_c"       "nchlphncl_c"       "nchlphncl_e" 
                                                                                                                        
         "ncptrc_c"             "nh4_c"             "nh4_e"          "nicrns_c"          "nicrnt_c"             "nmn_c" 
                                                                                                                        
            "no2_c"             "no2_e"             "no3_c"             "no3_e"              "no_c"        "np2msucc_c" 
                                                                                                                        
    "np2msucccoa_c"             "nzp_c"             "nzp_e"              "o2_c"              "o2_e"             "o2s_c" 
                                                                                                                        
            "oaa_c"           "ocACP_c"        "ocdcaACP_c"           "ocdca_c"           "ocdca_e"          "ocdcea_c" 
                                                                                                                        
          "octdp_c"         "octeACP_c"            "ohpb_c"             "orn_c"          "orot5p_c"            "orot_c" 
                                                                                                                        
           "orot_e"             "oxa_c"           "pa120_c"           "pa140_c"           "pa141_c"           "pa160_c" 
                                                                                                                        
          "pa161_c"           "pa180_c"           "pa181_c"          "paai15_c"          "paai17_c"           "pai14_c" 
                                                                                                                        
          "pai15_c"           "pai16_c"           "pai17_c"         "palmACP_c"        "palmtca1_c"    "palmtcaacgam_c" 
                                                                                                                        
  "palmtcaala__D_c"           "pan4p_c"         "pant__R_c"             "pap_c"              "pb_c"              "pb_e" 
                                                                                                                        
        "pcresol_c"         "pcresol_e"           "pdx5p_c"           "pe120_c"           "pe140_c"           "pe141_c" 
                                                                                                                        
          "pe160_c"           "pe161_c"           "pe180_c"           "pe181_c"          "peai15_c"          "peai17_c" 
                                                                                                                        
           "pect_e"           "pei14_c"           "pei15_c"           "pei16_c"           "pei17_c"             "pep_c" 
                                                                                                                        
          "pg120_c"           "pg140_c"           "pg141_c"           "pg160_c"           "pg161_c"           "pg180_c" 
                                                                                                                        
          "pg181_c"          "pgai15_c"          "pgai17_c"           "pgi14_c"           "pgi15_c"           "pgi16_c" 
                                                                                                                        
          "pgi17_c"          "pgp120_c"          "pgp140_c"          "pgp141_c"          "pgp160_c"          "pgp161_c" 
                                                                                                                        
         "pgp180_c"          "pgp181_c"         "pgpai15_c"         "pgpai17_c"          "pgpi14_c"          "pgpi15_c" 
                                                                                                                        
         "pgpi16_c"          "pgpi17_c"          "phe__L_c"          "phe__L_e"           "pheme_c"            "phom_c" 
                                                                                                                        
          "phpyr_c"           "phthr_c"              "pi_c"              "pi_e"            "pime_c"            "pime_e" 
                                                                                                                        
          "pmcoa_c"          "pmtcoa_c"             "pnp_c"         "pnto__R_c"         "pnto__R_e"             "ppa_c" 
                                                                                                                        
          "ppaca_c"            "ppal_c"            "ppal_e"            "ppap_c"           "ppbng_c"           "ppcoa_c" 
                                                                                                                        
           "pphn_c"             "ppi_c"             "ppi_e"            "ppp9_c"           "pppg9_c"            "pppi_c" 
                                                                                                                        
           "pram_c"            "pran_c"          "prbamp_c"          "prbatp_c"           "pre3a_c"           "pre3b_c" 
                                                                                
           "pre4_c"            "pre5_c"           "pre6a_c"           "pre6b_c" 
 [ reached 'max' / getOption("max.print") -- omitted 192 entries ]

Slot "dietName":
character(0)

Slot "dietValues":
data frame with 0 columns and 0 rows

Slot "lowbnd_beforeDiet":
numeric(0)

Slot "uppbnd_beforeDiet":
numeric(0)

Slot "bioMax":
[1] 1.5

Slot "bioMean":
[1] 0.6

Slot "bioMin":
[1] 0.1

Slot "gene_assoc":
   [1] 0 0 1 0 1 1 0 1 1 1 0 1 0 0 0 0 0 0 0 0 0 0 0 0 0 0 0 0 0 0 0 0 0 1 1 1 1 1 1 1 1 1 1 1 1 1 1 1 1 1 1 1 1 1 1 1 1 1 1
  [60] 1 1 1 1 1 1 1 1 1 1 1 1 1 1 1 1 1 1 1 1 1 1 1 1 1 1 0 1 1 1 1 1 1 1 1 0 0 1 1 1 1 0 1 1 1 1 1 1 1 1 1 1 0 1 1 1 1 1 1
 [119] 1 1 1 1 1 1 1 1 1 1 1 1 1 1 1 1 1 1 1 1 1 1 1 1 1 1 1 1 0 1 1 1 1 1 1 1 1 1 1 1 1 1 1 1 1 1 1 1 1 1 1 1 1 1 1 1 1 1 1
 [178] 1 1 1 1 1 1 1 1 1 0 1 1 1 0 0 1 1 1 1 1 1 1 1 1 1 1 1 1 1 1 1 1 1 1 1 1 1 1 1 1 1 1 1 1 1 1 1 1 1 1 1 1 1 1 1 1 0 1 1
 [237] 1 1 0 0 1 1 1 0 0 1 1 1 1 1 1 1 1 1 1 1 1 1 1 0 1 1 1 1 1 1 1 1 1 1 1 1 1 1 0 0 1 1 1 1 1 1 1 0 1 1 1 1 1 1 1 1 1 1 0
 [296] 1 1 1 0 1 1 0 1 1 1 1 1 1 1 1 1 1 1 0 1 1 1 1 1 1 1 1 1 1 0 1 0 1 1 1 1 1 1 1 1 1 1 1 0 1 1 1 1 1 1 1 1 1 1 1 1 1 1 1
 [355] 1 1 1 1 1 1 1 1 1 1 1 1 1 1 1 1 1 1 1 1 1 1 1 1 1 1 1 1 1 1 1 1 1 1 1 0 1 0 0 1 1 0 1 1 1 1 1 1 1 1 1 0 1 1 1 1 1 1 1
 [414] 1 1 1 1 1 1 1 1 1 1 1 0 0 0 0 0 0 0 0 0 0 0 0 0 0 0 0 0 0 0 0 0 0 0 0 0 0 1 1 1 1 1 1 1 1 1 1 1 1 1 1 1 1 0 1 0 0 0 0
 [473] 0 0 0 0 0 0 0 0 0 0 0 0 0 0 0 0 0 1 1 1 1 1 1 0 0 0 0 0 0 0 0 0 0 0 0 0 0 0 0 0 0 0 0 0 0 0 0 0 0 0 0 0 0 0 0 0 0 0 0
 [532] 0 0 0 0 0 0 0 0 0 0 0 0 0 0 0 0 0 0 0 0 0 0 0 0 0 0 0 0 0 0 0 0 0 0 0 0 0 0 0 0 0 0 0 0 0 0 0 0 0 0 0 0 0 0 0 0 0 0 0
 [591] 0 0 0 0 0 0 0 0 0 0 0 0 0 0 0 0 0 0 0 0 0 0 0 0 0 0 0 0 0 0 0 0 0 0 0 0 0 0 0 0 0 0 0 0 0 0 0 0 0 0 0 0 0 0 0 0 0 0 0
 [650] 0 0 0 0 0 0 0 0 0 0 0 0 0 0 0 0 0 0 0 0 0 0 0 0 0 0 0 0 0 0 0 0 0 1 1 1 1 1 0 1 0 1 0 1 1 1 1 1 0 1 0 1 1 0 0 0 1 1 0
 [709] 1 1 1 0 1 1 1 1 1 1 1 1 1 1 1 1 1 1 1 1 1 1 0 1 1 0 1 1 1 1 1 1 1 1 1 1 1 1 1 0 1 0 0 1 1 1 1 1 1 1 1 1 1 1 1 1 1 1 1
 [768] 1 1 1 1 1 1 1 1 1 1 1 1 1 1 1 1 1 1 1 1 1 1 1 1 1 1 1 1 1 1 1 1 1 1 1 1 1 1 1 1 1 1 1 1 1 1 1 1 1 1 1 1 1 1 0 1 1 1 0
 [827] 0 0 0 0 1 1 0 1 1 0 0 1 0 1 1 1 1 1 1 1 1 1 1 1 1 1 0 1 1 1 1 1 0 1 1 1 1 1 0 1 1 1 1 1 1 0 0 1 1 1 1 1 1 1 1 1 1 1 1
 [886] 1 1 1 1 0 1 1 1 1 1 1 1 1 1 1 1 1 1 0 0 0 0 1 0 0 1 1 0 1 1 1 1 1 1 1 1 1 1 1 1 1 1 1 1 1 1 1 1 1 1 1 1 1 1 1 1 1 1 1
 [945] 1 1 1 1 1 1 1 1 1 1 1 1 1 1 1 1 1 1 1 1 1 1 1 1 1 1 1 1 1 1 1 1 1 1 1 1 1 1 0 0 1 1 1 0 1 1 1 0 1 0 1 1 1 1 1 1
 [ reached 'max' / getOption("max.print") -- omitted 478 entries ]

Slot "pFBAFlag":
[1] -1

