An object of class "FBA_greatmod"
Slot "S":
        [,1] [,2] [,3] [,4] [,5] [,6] [,7] [,8] [,9] [,10] [,11] [,12] [,13] [,14] [,15] [,16]
   [1,]    0    0    0    0    0    0    0    0    0     0     0     0     0     0     0     0
        [,17] [,18] [,19] [,20] [,21] [,22] [,23] [,24] [,25] [,26] [,27] [,28] [,29] [,30]
   [1,]     0     0     0     0     0     0     0     0     0     0     0     0     0     0
        [,31] [,32] [,33] [,34] [,35] [,36] [,37] [,38] [,39] [,40] [,41] [,42] [,43] [,44]
   [1,]     0     0     0     0     0     0     0     0     0     0     0     0     0     0
        [,45] [,46] [,47] [,48] [,49] [,50] [,51] [,52] [,53] [,54] [,55] [,56] [,57] [,58]
   [1,]     0     0     0     0     0     0     0     0     0     0     0     0     0     0
        [,59] [,60] [,61] [,62] [,63] [,64] [,65] [,66] [,67] [,68] [,69] [,70] [,71] [,72]
   [1,]     0     0     0     0     0     0     0     0     0     0     0     0     0     0
        [,73] [,74] [,75] [,76] [,77] [,78] [,79] [,80] [,81] [,82] [,83] [,84] [,85] [,86]
   [1,]     0     0     0     0     0     0     0     0     0     0     0     0     0     0
        [,87] [,88] [,89] [,90] [,91] [,92] [,93] [,94] [,95] [,96] [,97] [,98] [,99] [,100]
   [1,]     0     0     0     0     0     0     0     0     0     0     0     0     0      0
        [,101] [,102] [,103] [,104] [,105] [,106] [,107] [,108] [,109] [,110] [,111] [,112]
   [1,]      0      0      0      0      0      0      0      0      0      0      0      0
        [,113] [,114] [,115] [,116] [,117] [,118] [,119] [,120] [,121] [,122] [,123] [,124]
   [1,]      0      0      0      0      0      0      0      0      0      0      0      0
        [,125] [,126] [,127] [,128] [,129] [,130] [,131] [,132] [,133] [,134] [,135] [,136]
   [1,]      0      0      0      0      0      0      0      0      0      0      0      0
        [,137] [,138] [,139] [,140] [,141] [,142] [,143] [,144] [,145] [,146] [,147] [,148]
   [1,]      0      0      0      0      0      0      0      0      0      0      0      0
        [,149] [,150] [,151] [,152] [,153] [,154] [,155] [,156] [,157] [,158] [,159] [,160]
   [1,]      0      0      0      0      0      0      0      0      0      0      0      0
        [,161] [,162] [,163] [,164] [,165] [,166] [,167] [,168] [,169] [,170] [,171] [,172]
   [1,]      0      0      0      0      0      0      0      0      0      0      0      0
        [,173] [,174] [,175] [,176] [,177] [,178] [,179] [,180] [,181] [,182] [,183] [,184]
   [1,]      0      0      0      0      0      0      0      0      0      0      0      0
        [,185] [,186] [,187] [,188] [,189] [,190] [,191] [,192] [,193] [,194] [,195] [,196]
   [1,]      0      0      0      0      0      0      0      0      0      0      0      0
        [,197] [,198] [,199] [,200] [,201] [,202] [,203] [,204] [,205] [,206] [,207] [,208]
   [1,]      0      0      0      0      0      0      0      0      0      0      0      0
        [,209] [,210] [,211] [,212] [,213] [,214] [,215] [,216] [,217] [,218] [,219] [,220]
   [1,]      0      0      0      0      0      0      0      0      0      0      0      0
        [,221] [,222] [,223] [,224] [,225] [,226] [,227] [,228] [,229] [,230] [,231] [,232]
   [1,]      0      0      0      0      0      0      0      0      0      0      0      0
        [,233] [,234] [,235] [,236] [,237] [,238] [,239] [,240] [,241] [,242] [,243] [,244]
   [1,]      0      0      0      0      0      0      0      0      0      0      0      0
        [,245] [,246] [,247] [,248] [,249] [,250] [,251] [,252] [,253] [,254] [,255] [,256]
   [1,]      0      0      0      0      0      0      0      0      0      0      0      0
        [,257] [,258] [,259] [,260] [,261] [,262] [,263] [,264] [,265] [,266] [,267] [,268]
   [1,]      0      0      0      0      0      0      0      0      0      0      0      0
        [,269] [,270] [,271] [,272] [,273] [,274] [,275] [,276] [,277] [,278] [,279] [,280]
   [1,]      0      0      0      0      0      0      0      0      0      0      0      0
        [,281] [,282] [,283] [,284] [,285] [,286] [,287] [,288] [,289] [,290] [,291] [,292]
   [1,]      0      0      0      0      0      0      0      0      0      0      0      0
        [,293] [,294] [,295] [,296] [,297] [,298] [,299] [,300] [,301] [,302] [,303] [,304]
   [1,]      0      0      0      0      0      0      0      0      0      0      0      0
        [,305] [,306] [,307] [,308] [,309] [,310] [,311] [,312] [,313] [,314] [,315] [,316]
   [1,]      0      0      0      0      0      0      0      0      0      0      0      0
        [,317] [,318] [,319] [,320] [,321] [,322] [,323] [,324] [,325] [,326] [,327] [,328]
   [1,]      0      0      0      0      0      0      0      0      0      0      0      0
        [,329] [,330] [,331] [,332] [,333] [,334] [,335] [,336] [,337] [,338] [,339] [,340]
   [1,]      0      0      0      0      0      0      0      0      0      0      0      0
        [,341] [,342] [,343] [,344] [,345] [,346] [,347] [,348] [,349] [,350] [,351] [,352]
   [1,]      0      0      0      0      0      0      0      0      0      0      0      0
        [,353] [,354] [,355] [,356] [,357] [,358] [,359] [,360] [,361] [,362] [,363] [,364]
   [1,]      0      0      0      0      0      0      0      0      0      0      0      0
        [,365] [,366] [,367] [,368] [,369] [,370] [,371] [,372] [,373] [,374] [,375] [,376]
   [1,]      0      0      0      0      0      0      0      0      0      0      0      0
        [,377] [,378] [,379] [,380] [,381] [,382] [,383] [,384] [,385] [,386] [,387] [,388]
   [1,]      0      0      0      0      0      0      0      0      0      0      0      0
        [,389] [,390] [,391] [,392] [,393] [,394] [,395] [,396] [,397] [,398] [,399] [,400]
   [1,]      0      0      0      0      0      0      0      0      0      0      0      0
        [,401] [,402] [,403] [,404] [,405] [,406] [,407] [,408] [,409] [,410] [,411] [,412]
   [1,]      0      0      0      0      0      0      0      0      0      0      0      0
        [,413] [,414] [,415] [,416] [,417] [,418] [,419] [,420] [,421] [,422] [,423] [,424]
   [1,]      0      0      0      0      0      0      0      0      0      0      0      0
        [,425] [,426] [,427] [,428] [,429] [,430] [,431] [,432] [,433] [,434] [,435] [,436]
   [1,]      0      0      0      0      0      0      0      0      0      0      0      0
        [,437] [,438] [,439] [,440] [,441] [,442] [,443] [,444] [,445] [,446] [,447] [,448]
   [1,]      0      0      0      0      0      0      0      0      0      0      0      0
        [,449] [,450] [,451] [,452] [,453] [,454] [,455] [,456] [,457] [,458] [,459] [,460]
   [1,]      0      0      0      0      0      0      0      0      0      0      0      0
        [,461] [,462] [,463] [,464] [,465] [,466] [,467] [,468] [,469] [,470] [,471] [,472]
   [1,]      0      0      0      0      0      0      0      0      0      0      0      0
        [,473] [,474] [,475] [,476] [,477] [,478] [,479] [,480] [,481] [,482] [,483] [,484]
   [1,]      0      0      0      0      0      0      0      0      0      0      0      0
        [,485] [,486] [,487] [,488] [,489] [,490] [,491] [,492] [,493] [,494] [,495] [,496]
   [1,]      0      0      0      0      0      0      0      0      0      0      0      0
        [,497] [,498] [,499] [,500] [,501] [,502] [,503] [,504] [,505] [,506] [,507] [,508]
   [1,]      0      0      0      0      0      0      0      0      0      0      0      0
        [,509] [,510] [,511] [,512] [,513] [,514] [,515] [,516] [,517] [,518] [,519] [,520]
   [1,]      0      0      0      0      0      0      0      0      0      0      0      0
        [,521] [,522] [,523] [,524] [,525] [,526] [,527] [,528] [,529] [,530] [,531] [,532]
   [1,]      0      0      0      0      0      0      0      0      0      0      0      0
        [,533] [,534] [,535] [,536] [,537] [,538] [,539] [,540] [,541] [,542] [,543] [,544]
   [1,]      0      0      0      0      0      0      0      0      0      0      0      0
        [,545] [,546] [,547] [,548] [,549] [,550] [,551] [,552] [,553] [,554] [,555] [,556]
   [1,]      0      0      0      0      0      0      0      0      0      0      0      0
        [,557] [,558] [,559] [,560] [,561] [,562] [,563] [,564] [,565] [,566] [,567] [,568]
   [1,]      0      0      0      0      0      0      0      0      0      0      0      0
        [,569] [,570] [,571] [,572] [,573] [,574] [,575] [,576] [,577] [,578] [,579] [,580]
   [1,]      0      0      0      0      0      0      0      0    0.0      0      0      0
        [,581] [,582] [,583] [,584] [,585] [,586] [,587] [,588] [,589] [,590] [,591] [,592]
   [1,]      0      0      0      0      0      0      0      0      0      0      0      0
        [,593] [,594] [,595] [,596] [,597] [,598] [,599] [,600] [,601] [,602] [,603] [,604]
   [1,]      0      0      0      0      0      0      0      0      0      0      0      0
        [,605] [,606] [,607] [,608] [,609] [,610] [,611] [,612] [,613] [,614] [,615] [,616]
   [1,]      0      0      0      0      0      0      0      0      0      0      0      0
        [,617] [,618] [,619] [,620] [,621] [,622] [,623] [,624] [,625] [,626] [,627] [,628]
   [1,]      0      0      0      0      0      0      0      0    0.0      0      0      0
        [,629] [,630] [,631] [,632] [,633] [,634] [,635] [,636] [,637] [,638] [,639] [,640]
   [1,]      0      0      0      0    0.0    0.0      0      0      0      0      0      0
        [,641] [,642] [,643] [,644] [,645] [,646] [,647] [,648] [,649] [,650] [,651] [,652]
   [1,]      0      0      0      0      0      0      0      0      0      0      0      0
        [,653] [,654] [,655] [,656] [,657] [,658] [,659] [,660] [,661] [,662] [,663] [,664]
   [1,]      0      0      0      0      0      0      0      0      0      0      0      0
        [,665] [,666] [,667] [,668] [,669] [,670] [,671] [,672] [,673] [,674] [,675] [,676]
   [1,]      0      0      0      0      0      0      0      0      0      0      0      0
        [,677] [,678] [,679] [,680] [,681] [,682] [,683] [,684] [,685] [,686] [,687] [,688]
   [1,]      0      0      0      0      0      0      0      0      0      0      0      0
        [,689] [,690] [,691] [,692] [,693] [,694] [,695] [,696] [,697] [,698] [,699] [,700]
   [1,]      0      0      0      0      0      0      0      0      0      0      0      0
        [,701] [,702] [,703] [,704] [,705] [,706] [,707] [,708] [,709] [,710] [,711] [,712]
   [1,]      0      0      0      0      0      0      0      0      0      0      0      0
        [,713] [,714] [,715] [,716] [,717] [,718] [,719] [,720] [,721] [,722] [,723] [,724]
   [1,]      0      0      0      0      0      0      0      0      0      0      0      0
        [,725] [,726] [,727] [,728] [,729] [,730] [,731] [,732] [,733] [,734] [,735] [,736]
   [1,]      0      0      0      0      0      0      0      0      0      0      0      0
        [,737] [,738] [,739] [,740] [,741] [,742] [,743] [,744] [,745] [,746] [,747] [,748]
   [1,]      0      0      0      0      0      0      0      0      0      0      0      0
        [,749] [,750] [,751] [,752] [,753] [,754] [,755] [,756] [,757] [,758] [,759] [,760]
   [1,]      0      0      0      0      0      0      0      0      0      0      0      0
        [,761] [,762] [,763] [,764] [,765] [,766] [,767] [,768] [,769] [,770] [,771] [,772]
   [1,]      0      0      0      0      0      0      0      0      0      0      0      0
        [,773] [,774] [,775] [,776] [,777] [,778] [,779] [,780] [,781] [,782] [,783] [,784]
   [1,]      0      0      0      0      0      0      0      0      0      0      0      0
        [,785] [,786] [,787] [,788] [,789] [,790] [,791] [,792] [,793] [,794] [,795] [,796]
   [1,]      0      0      0      0      0      0      0      0      0      0      0      0
        [,797] [,798] [,799] [,800] [,801] [,802] [,803] [,804] [,805] [,806] [,807] [,808]
   [1,]      0      0      0      0      0      0      0      0      0      0      0      0
        [,809] [,810] [,811] [,812] [,813] [,814] [,815] [,816] [,817] [,818] [,819] [,820]
   [1,]      0      0      0      0      0      0      0      0      0      0      0      0
        [,821] [,822] [,823] [,824] [,825] [,826] [,827] [,828] [,829] [,830] [,831] [,832]
   [1,]      0      0      0      0      0      0      0      0      0      0      0      0
        [,833] [,834] [,835] [,836] [,837] [,838] [,839] [,840] [,841] [,842] [,843] [,844]
   [1,]      0      0      0      0      0      0      0      0      0      0      0      0
        [,845] [,846] [,847] [,848] [,849] [,850] [,851] [,852] [,853] [,854] [,855] [,856]
   [1,]      0      0      0      0      0      0      0      0      0      0      0      0
        [,857] [,858] [,859] [,860] [,861] [,862] [,863] [,864] [,865] [,866] [,867] [,868]
   [1,]      0      0      0      0      0      0      0      0      0      0      0      0
        [,869] [,870] [,871] [,872] [,873] [,874] [,875] [,876] [,877] [,878] [,879] [,880]
   [1,]      0      0      0      0      0      0      0      0      0      0      0      0
        [,881] [,882] [,883] [,884] [,885] [,886] [,887] [,888] [,889] [,890] [,891] [,892]
   [1,]      0      0      0      0      0      0      0      0      0      0      0      0
        [,893] [,894] [,895] [,896] [,897] [,898] [,899] [,900] [,901] [,902] [,903] [,904]
   [1,]      0      0      0      0      0      0      0      0      0      0      0      0
        [,905] [,906] [,907] [,908] [,909] [,910] [,911] [,912] [,913] [,914] [,915] [,916]
   [1,]      0      0      0      0      0      0      0      0      0      0      0      0
        [,917] [,918] [,919] [,920] [,921] [,922] [,923] [,924] [,925] [,926] [,927] [,928]
   [1,]      0      0      0      0      0      0      0      0      0      0      0      0
        [,929] [,930] [,931] [,932] [,933] [,934] [,935] [,936] [,937] [,938] [,939] [,940]
   [1,]      0      0      0      0      0      0      0      0      0      0      0      0
        [,941] [,942] [,943] [,944] [,945] [,946] [,947] [,948] [,949] [,950] [,951] [,952]
   [1,]      0      0      0      0      0      0      0      0      0      0      0      0
        [,953] [,954] [,955] [,956] [,957] [,958] [,959] [,960] [,961] [,962] [,963] [,964]
   [1,]      0      0      0      0      0      0      0      0      0      0      0      0
        [,965] [,966] [,967] [,968] [,969] [,970] [,971] [,972] [,973] [,974] [,975] [,976]
   [1,]      0      0      0      0      0      0      0      0      0      0      0      0
        [,977] [,978] [,979] [,980] [,981] [,982] [,983] [,984] [,985] [,986] [,987] [,988]
   [1,]      0      0      0      0      0      0      0      0      0      0      0      0
        [,989] [,990] [,991] [,992] [,993] [,994] [,995] [,996] [,997] [,998] [,999] [,1000]
   [1,]      0      0      0      0      0      0      0      0      0      0      0       0
 [ reached 'max' / getOption("max.print") -- omitted 1642 rows and 1356 columns ]

Slot "lowbnd":
   [1] -1000     0 -1000     0     0     0     0 -1000 -1000 -1000 -1000     0     0 -1000 -1000
  [16] -1000 -1000     0     0     0     0     0     0     0     0     0     0     0     0     0
  [31]     0     0     0     0     0     0     0     0     0     0     0     0     0     0     0
  [46] -1000     0     0     0 -1000     0     0 -1000 -1000 -1000 -1000 -1000 -1000 -1000 -1000
  [61] -1000 -1000 -1000 -1000 -1000 -1000 -1000 -1000 -1000 -1000 -1000 -1000 -1000 -1000 -1000
  [76] -1000 -1000 -1000     0     0     0     0     0     0     0     0     0     0     0     0
  [91]     0     0     0     0     0     0     0     0     0     0     0     0     0     0     0
 [106] -1000 -1000     0     0     0     0     0 -1000     0 -1000     0 -1000 -1000     0     0
 [121] -1000 -1000 -1000 -1000     0     0     0     0     0 -1000     0 -1000     0 -1000 -1000
 [136] -1000 -1000 -1000 -1000 -1000 -1000 -1000     0     0     0     0     0     0     0     0
 [151]     0 -1000 -1000     0 -1000 -1000     0     0     0     0     0     0     0     0     0
 [166]     0 -1000 -1000     0     0     0     0     0     0 -1000     0 -1000     0 -1000 -1000
 [181] -1000 -1000     0     0     0     0     0     0 -1000     0     0     0     0 -1000 -1000
 [196] -1000 -1000 -1000 -1000 -1000 -1000 -1000     0 -1000     0     0     0     0     0     0
 [211]     0     0     0     0 -1000 -1000     0     0     0     0     0     0     0     0     0
 [226]     0     0     0     0     0     0     0     0     0     0     0     0     0     0     0
 [241]     0     0     0     0     0     0     0     0     0     0     0     0     0     0     0
 [256]     0     0     0     0     0     0     0     0     0     0     0     0     0     0     0
 [271]     0     0     0     0     0     0     0     0     0     0     0     0     0     0     0
 [286]     0     0     0     0     0     0     0     0     0     0     0     0     0     0     0
 [301]     0     0     0     0     0     0     0 -1000 -1000 -1000 -1000 -1000     0     0 -1000
 [316]     0     0 -1000     0 -1000 -1000     0 -1000     0 -1000     0 -1000     0 -1000     0
 [331] -1000 -1000 -1000     0 -1000 -1000 -1000 -1000     0     0     0     0     0     0 -1000
 [346]     0     0     0     0     0     0 -1000     0 -1000 -1000     0     0     0     0 -1000
 [361]     0     0     0     0 -1000 -1000     0     0     0 -1000 -1000     0     0 -1000     0
 [376] -1000 -1000     0     0 -1000     0     0     0 -1000 -1000 -1000     0     0     0     0
 [391]     0     0     0     0 -1000     0 -1000     0     0     0     0     0     0 -1000 -1000
 [406]     0     0     0     0     0     0     0     0     0     0     0     0     0     0     0
 [421]     0     0     0     0     0     0     0     0     0     0     0     0     0     0     0
 [436]     0     0     0     0     0     0     0     0     0     0     0     0     0     0     0
 [451]     0     0     0     0     0     0     0     0     0     0     0     0     0     0     0
 [466]     0     0     0     0     0     0     0     0     0     0     0     0     0     0     0
 [481]     0     0     0     0     0     0     0     0     0     0     0     0     0     0     0
 [496]     0     0     0     0     0     0     0     0     0     0     0     0     0     0     0
 [511]     0     0     0     0     0     0     0     0     0     0     0     0     0     0     0
 [526]     0     0     0     0     0     0     0     0     0     0     0     0     0     0     0
 [541]     0     0     0     0     0     0     0     0     0     0     0     0     0     0     0
 [556]     0     0     0 -1000 -1000 -1000     0 -1000     0     0     0     0 -1000     0 -1000
 [571]     0     0 -1000     0     0     0     0     0     0     0     0     0     0     0     0
 [586] -1000 -1000     0     0     0 -1000     0     0     0     0     0     0 -1000     0 -1000
 [601] -1000 -1000 -1000 -1000 -1000 -1000 -1000 -1000 -1000 -1000 -1000     0     0 -1000 -1000
 [616] -1000     0 -1000     0     0     0     0     0     0     0     0     0 -1000     0 -1000
 [631]     0 -1000     0     0     0     0     0     0     0     0     0 -1000 -1000     0     0
 [646]     0     0     0 -1000     0     0     0     0     0     0     0 -1000     0     0 -1000
 [661]     0     0     0     0     0     0     0     0     0     0     0     0     0     0     0
 [676]     0     0 -1000     0 -1000 -1000     0 -1000     0     0 -1000 -1000 -1000     0     0
 [691]     0     0 -1000     0     0 -1000     0     0     0 -1000 -1000     0 -1000     0     0
 [706]     0     0     0     0     0 -1000     0     0     0     0     0 -1000     0     0     0
 [721]     0     0     0     0     0     0 -1000     0 -1000     0     0     0     0     0     0
 [736]     0     0     0     0     0     0     0     0     0     0     0     0     0     0     0
 [751] -1000     0     0     0     0     0 -1000     0     0 -1000 -1000     0 -1000 -1000     0
 [766] -1000     0     0 -1000     0     0 -1000 -1000     0     0     0     0     0     0     0
 [781]     0     0     0     0     0     0     0     0     0     0     0     0     0     0     0
 [796]     0     0     0     0     0     0 -1000     0 -1000 -1000 -1000 -1000 -1000 -1000 -1000
 [811] -1000     0     0     0     0     0 -1000     0     0     0 -1000 -1000 -1000 -1000 -1000
 [826] -1000 -1000 -1000 -1000 -1000 -1000 -1000 -1000 -1000 -1000 -1000 -1000 -1000 -1000 -1000
 [841] -1000 -1000 -1000 -1000 -1000 -1000 -1000 -1000 -1000 -1000 -1000 -1000 -1000 -1000 -1000
 [856] -1000 -1000 -1000 -1000 -1000 -1000 -1000 -1000 -1000 -1000 -1000 -1000 -1000 -1000 -1000
 [871] -1000 -1000 -1000 -1000 -1000 -1000 -1000 -1000 -1000 -1000 -1000 -1000 -1000 -1000 -1000
 [886] -1000 -1000 -1000 -1000 -1000 -1000 -1000 -1000 -1000 -1000 -1000 -1000 -1000 -1000 -1000
 [901] -1000 -1000 -1000 -1000 -1000 -1000 -1000 -1000 -1000 -1000 -1000 -1000 -1000 -1000 -1000
 [916] -1000 -1000 -1000 -1000 -1000 -1000 -1000 -1000 -1000 -1000 -1000 -1000 -1000 -1000 -1000
 [931] -1000 -1000 -1000 -1000 -1000 -1000 -1000 -1000 -1000 -1000 -1000 -1000 -1000 -1000 -1000
 [946] -1000 -1000 -1000 -1000 -1000 -1000 -1000 -1000 -1000 -1000 -1000 -1000 -1000 -1000 -1000
 [961] -1000 -1000 -1000 -1000 -1000 -1000 -1000 -1000 -1000 -1000 -1000 -1000 -1000 -1000 -1000
 [976] -1000 -1000 -1000 -1000 -1000 -1000 -1000 -1000 -1000 -1000 -1000 -1000 -1000 -1000 -1000
 [991] -1000 -1000 -1000 -1000 -1000 -1000 -1000 -1000 -1000 -1000
 [ reached 'max' / getOption("max.print") -- omitted 1356 entries ]

Slot "uppbnd":
   [1] 1000 1000 1000 1000 1000 1000 1000 1000 1000 1000 1000 1000 1000 1000 1000 1000 1000 1000
  [19] 1000 1000 1000 1000 1000 1000 1000 1000 1000 1000 1000 1000 1000 1000 1000 1000 1000 1000
  [37] 1000 1000 1000 1000 1000 1000 1000 1000 1000 1000 1000 1000 1000 1000 1000 1000 1000 1000
  [55] 1000 1000 1000 1000 1000 1000 1000 1000 1000 1000 1000 1000 1000 1000 1000 1000 1000 1000
  [73] 1000 1000 1000 1000 1000 1000 1000 1000 1000 1000 1000 1000 1000 1000 1000 1000 1000 1000
  [91] 1000 1000 1000 1000 1000 1000 1000 1000 1000 1000 1000 1000 1000 1000 1000 1000 1000 1000
 [109] 1000 1000 1000 1000 1000 1000 1000 1000 1000 1000 1000 1000 1000 1000 1000 1000 1000 1000
 [127] 1000 1000 1000 1000 1000 1000 1000 1000 1000 1000 1000 1000 1000 1000 1000 1000 1000 1000
 [145] 1000 1000 1000 1000 1000 1000 1000 1000 1000 1000 1000 1000 1000 1000 1000 1000 1000 1000
 [163] 1000 1000 1000 1000 1000 1000 1000 1000 1000 1000 1000 1000 1000 1000 1000 1000 1000 1000
 [181] 1000 1000 1000 1000 1000 1000 1000 1000 1000 1000 1000 1000 1000 1000 1000 1000 1000 1000
 [199] 1000 1000 1000 1000 1000 1000 1000 1000 1000 1000 1000 1000 1000 1000 1000 1000 1000 1000
 [217] 1000 1000 1000 1000 1000 1000 1000 1000 1000 1000 1000 1000 1000 1000 1000 1000 1000 1000
 [235] 1000 1000 1000 1000 1000 1000 1000 1000 1000 1000 1000 1000 1000 1000 1000 1000 1000 1000
 [253] 1000 1000 1000 1000 1000 1000 1000 1000 1000 1000 1000 1000 1000 1000 1000 1000 1000 1000
 [271] 1000 1000 1000 1000 1000 1000 1000 1000 1000 1000 1000 1000 1000 1000 1000 1000 1000 1000
 [289] 1000 1000 1000 1000 1000 1000 1000 1000 1000 1000 1000 1000 1000 1000 1000 1000 1000 1000
 [307] 1000 1000 1000 1000 1000 1000 1000 1000 1000 1000 1000 1000 1000 1000 1000 1000 1000 1000
 [325] 1000 1000 1000 1000 1000 1000 1000 1000 1000 1000 1000 1000 1000 1000 1000 1000 1000 1000
 [343] 1000 1000 1000 1000 1000 1000 1000 1000 1000 1000 1000 1000 1000 1000 1000 1000 1000 1000
 [361] 1000 1000 1000 1000 1000 1000 1000 1000 1000 1000 1000 1000 1000 1000 1000 1000 1000 1000
 [379] 1000 1000 1000 1000 1000 1000 1000 1000 1000 1000 1000 1000 1000 1000 1000 1000 1000 1000
 [397] 1000 1000 1000 1000 1000 1000 1000 1000 1000 1000 1000 1000 1000 1000 1000 1000 1000 1000
 [415] 1000 1000 1000 1000 1000 1000 1000 1000 1000 1000 1000 1000 1000 1000 1000 1000 1000 1000
 [433] 1000 1000 1000 1000 1000 1000 1000 1000 1000 1000 1000 1000 1000 1000 1000 1000 1000 1000
 [451] 1000 1000 1000 1000 1000 1000 1000 1000 1000 1000 1000 1000 1000 1000 1000 1000 1000 1000
 [469] 1000 1000 1000 1000 1000 1000 1000 1000 1000 1000 1000 1000 1000 1000 1000 1000 1000 1000
 [487] 1000 1000 1000 1000 1000 1000 1000 1000 1000 1000 1000 1000 1000 1000 1000 1000 1000 1000
 [505] 1000 1000 1000 1000 1000 1000 1000 1000 1000 1000 1000 1000 1000 1000 1000 1000 1000 1000
 [523] 1000 1000 1000 1000 1000 1000 1000 1000 1000 1000 1000 1000 1000 1000 1000 1000 1000 1000
 [541] 1000 1000 1000 1000 1000 1000 1000 1000 1000 1000 1000 1000 1000 1000 1000 1000 1000 1000
 [559] 1000 1000 1000 1000 1000 1000 1000 1000 1000 1000 1000 1000 1000 1000 1000 1000 1000 1000
 [577] 1000 1000 1000 1000 1000 1000 1000 1000 1000 1000 1000 1000 1000 1000 1000 1000 1000 1000
 [595] 1000 1000 1000 1000 1000 1000 1000 1000 1000 1000 1000 1000 1000 1000 1000 1000 1000 1000
 [613] 1000 1000 1000 1000 1000 1000 1000 1000 1000 1000 1000 1000 1000 1000 1000 1000 1000 1000
 [631] 1000 1000 1000 1000 1000 1000 1000 1000 1000 1000 1000 1000 1000 1000 1000 1000 1000 1000
 [649] 1000 1000 1000 1000 1000 1000 1000 1000 1000 1000 1000 1000 1000 1000 1000 1000 1000 1000
 [667] 1000 1000 1000 1000 1000 1000 1000 1000 1000 1000 1000 1000 1000 1000 1000 1000 1000 1000
 [685] 1000 1000 1000 1000 1000 1000 1000 1000 1000 1000 1000 1000 1000 1000 1000 1000 1000 1000
 [703] 1000 1000 1000 1000 1000 1000 1000 1000 1000 1000 1000 1000 1000 1000 1000 1000 1000 1000
 [721] 1000 1000 1000 1000 1000 1000 1000 1000 1000 1000 1000 1000 1000 1000 1000 1000 1000 1000
 [739] 1000 1000 1000 1000 1000 1000 1000 1000 1000 1000 1000 1000 1000 1000 1000 1000 1000 1000
 [757] 1000 1000 1000 1000 1000 1000 1000 1000 1000 1000 1000 1000 1000 1000 1000 1000 1000 1000
 [775] 1000 1000 1000 1000 1000 1000 1000 1000 1000 1000 1000 1000 1000 1000 1000 1000 1000 1000
 [793] 1000 1000 1000 1000 1000 1000 1000 1000 1000 1000 1000 1000 1000 1000 1000 1000 1000 1000
 [811] 1000 1000 1000 1000 1000 1000 1000 1000 1000 1000 1000 1000 1000 1000 1000 1000 1000 1000
 [829] 1000 1000 1000 1000 1000 1000 1000 1000 1000 1000 1000 1000 1000 1000 1000 1000 1000 1000
 [847] 1000 1000 1000 1000 1000 1000 1000 1000 1000 1000 1000 1000 1000 1000 1000 1000 1000 1000
 [865] 1000 1000 1000 1000 1000 1000 1000 1000 1000 1000 1000 1000 1000 1000 1000 1000 1000 1000
 [883] 1000 1000 1000 1000 1000 1000 1000 1000 1000 1000 1000 1000 1000 1000 1000 1000 1000 1000
 [901] 1000 1000 1000 1000 1000 1000 1000 1000 1000 1000 1000 1000 1000 1000 1000 1000 1000 1000
 [919] 1000 1000 1000 1000 1000 1000 1000 1000 1000 1000 1000 1000 1000 1000 1000 1000 1000 1000
 [937] 1000 1000 1000 1000 1000 1000 1000 1000 1000 1000 1000 1000 1000 1000 1000 1000 1000 1000
 [955] 1000 1000 1000 1000 1000 1000 1000 1000 1000 1000 1000 1000 1000 1000 1000 1000 1000 1000
 [973] 1000 1000 1000 1000 1000 1000 1000 1000 1000 1000 1000 1000 1000 1000 1000 1000 1000 1000
 [991] 1000 1000 1000 1000 1000 1000 1000 1000 1000 1000
 [ reached 'max' / getOption("max.print") -- omitted 1356 entries ]

Slot "obj_coef":
   [1] 0 0 0 0 0 0 0 0 0 0 0 0 0 0 0 0 0 0 0 0 0 0 0 0 0 0 0 0 0 0 0 0 0 0 0 0 0 0 0 0 0 0 0 0 0
  [46] 0 0 0 0 0 0 0 0 0 0 0 0 0 0 0 0 0 0 0 0 0 0 0 0 0 0 0 0 0 0 0 0 0 0 0 0 0 0 0 0 0 0 0 0 0
  [91] 0 0 0 0 0 0 0 0 0 0 0 0 0 0 0 0 0 0 0 0 0 0 0 0 0 0 0 0 0 0 0 0 0 0 0 0 0 0 0 0 0 0 0 0 0
 [136] 0 0 0 0 0 0 0 0 0 0 0 0 0 0 0 0 0 0 0 0 0 0 0 0 0 0 0 0 0 0 0 0 0 0 0 0 0 0 0 0 0 0 0 0 0
 [181] 0 0 0 0 0 0 0 0 0 0 0 0 0 0 0 0 0 0 0 0 0 0 0 0 0 0 0 0 0 0 0 0 0 0 0 0 0 0 0 0 0 0 0 0 0
 [226] 0 0 0 0 0 0 0 0 0 0 0 0 0 0 0 0 0 0 0 0 0 0 0 0 0 0 0 0 0 0 0 0 0 0 0 0 0 0 0 0 0 0 0 0 0
 [271] 0 0 0 0 0 0 0 0 0 0 0 0 0 0 0 0 0 0 0 0 0 0 0 0 0 0 0 0 0 0 0 0 0 0 0 0 0 0 0 0 0 0 0 0 0
 [316] 0 0 0 0 0 0 0 0 0 0 0 0 0 0 0 0 0 0 0 0 0 0 0 0 0 0 0 0 0 0 0 0 0 0 0 0 0 0 0 0 0 0 0 0 0
 [361] 0 0 0 0 0 0 0 0 0 0 0 0 0 0 0 0 0 0 0 0 0 0 0 0 0 0 0 0 0 0 0 0 0 0 0 0 0 0 0 0 0 0 0 0 0
 [406] 0 0 0 0 0 0 0 0 0 0 0 0 0 0 0 0 0 0 0 0 0 0 0 0 0 0 0 0 0 0 0 0 0 0 0 0 0 0 0 0 0 0 0 0 0
 [451] 0 0 0 0 0 0 0 0 0 0 0 0 0 0 0 0 0 0 0 0 0 0 0 0 0 0 0 0 0 0 0 0 0 0 0 0 0 0 0 0 0 0 0 0 0
 [496] 0 0 0 0 0 0 0 0 0 0 0 0 0 0 0 0 0 0 0 0 0 0 0 0 0 0 0 0 0 0 0 0 0 0 0 0 0 0 0 0 0 0 0 0 0
 [541] 0 0 0 0 0 0 0 0 0 0 0 0 0 0 0 0 0 0 0 0 0 0 0 0 0 0 0 0 0 0 0 0 0 0 0 0 0 0 0 0 0 0 0 0 0
 [586] 0 0 0 0 0 0 0 0 0 0 0 0 0 0 0 0 0 0 0 0 0 0 0 0 0 0 0 0 0 0 0 0 0 0 0 0 0 0 0 0 0 0 0 0 0
 [631] 0 0 0 0 0 0 0 0 0 0 0 0 0 0 0 0 0 0 0 0 0 0 0 0 0 0 0 0 0 0 0 0 0 0 0 0 0 0 0 0 0 0 0 0 0
 [676] 0 0 0 0 0 0 0 0 0 0 0 0 0 0 0 0 0 0 0 0 0 0 0 0 0 0 0 0 0 0 0 0 0 0 0 0 0 0 0 0 0 0 0 0 0
 [721] 0 0 0 0 0 0 0 0 0 0 0 0 0 0 0 0 0 0 0 0 0 0 0 0 0 0 0 0 0 0 0 0 0 0 0 0 0 0 0 0 0 0 0 0 0
 [766] 0 0 0 0 0 0 0 0 0 0 0 0 0 0 0 0 0 0 0 0 0 0 0 0 0 0 0 0 0 0 0 0 0 0 0 0 0 0 0 0 0 0 0 0 0
 [811] 0 0 0 0 0 0 0 0 0 0 0 0 0 0 0 0 0 0 0 0 0 0 0 0 0 0 0 0 0 0 0 0 0 0 0 0 0 0 0 0 0 0 0 0 0
 [856] 0 0 0 0 0 0 0 0 0 0 0 0 0 0 0 0 0 0 0 0 0 0 0 0 0 0 0 0 0 0 0 0 0 0 0 0 0 0 0 0 0 0 0 0 0
 [901] 0 0 0 0 0 0 0 0 0 0 0 0 0 0 0 0 0 0 0 0 0 0 0 0 0 0 0 0 0 0 0 0 0 0 0 0 0 0 0 0 0 0 0 0 0
 [946] 0 0 0 0 0 0 0 0 0 0 0 0 0 0 0 0 0 0 0 0 0 0 0 0 0 0 0 0 0 0 0 0 0 0 0 0 0 0 0 0 0 0 0 0 0
 [991] 0 0 0 0 0 0 0 0 0 0
 [ reached 'max' / getOption("max.print") -- omitted 1356 entries ]

Slot "react_id":
   [1] "12PPDt"              "15DAPt"              "23DHMPO"             "23PDE2"             
   [5] "23PDE4"              "23PDE7"              "23PDE9"              "2AHBUTI"            
   [9] "2DH3DGLCA"           "2HYOXPLACt2r"        "2MBCOATA"            "2OMMBOX"            
  [13] "2OMPHH"              "33HPHACt2r"          "34DHPHAt2r"          "3CARLPDH"           
  [17] "3DGUR"               "3HACPR1"             "3HACPR2"             "3HAD100"            
  [21] "3HAD10M11"           "3HAD10M12"           "3HAD11M12"           "3HAD120"            
  [25] "3HAD12M13"           "3HAD12M14"           "3HAD13M14"           "3HAD140"            
  [29] "3HAD14M15"           "3HAD14M16"           "3HAD15M16"           "3HAD160"            
  [33] "3HAD180"             "3HAD40"              "3HAD4M5"             "3HAD4M6"            
  [37] "3HAD5M6"             "3HAD60"              "3HAD6M7"             "3HAD6M8"            
  [41] "3HAD7M8"             "3HAD80"              "3HAD8M10"            "3HAD8M9"            
  [45] "3HAD9M10"            "3HBCOAE"             "3HCINNMH"            "3HPHACOX"           
  [49] "3HPPPNH"             "3MOBS"               "3OAACPR1"            "3OAACPR2"           
  [53] "3OAR100"             "3OAR10M11"           "3OAR10M12"           "3OAR11M12"          
  [57] "3OAR120"             "3OAR12M13"           "3OAR12M14"           "3OAR13M14"          
  [61] "3OAR140"             "3OAR14M15"           "3OAR14M16"           "3OAR15M16"          
  [65] "3OAR160"             "3OAR180"             "3OAR40"              "3OAR4M5"            
  [69] "3OAR4M6"             "3OAR5M6"             "3OAR60"              "3OAR6M7"            
  [73] "3OAR6M8"             "3OAR7M8"             "3OAR80"              "3OAR8M10"           
  [77] "3OAR8M9"             "3OAR9M10"            "3OAS100"             "3OAS10M11"          
  [81] "3OAS10M12"           "3OAS11M12"           "3OAS120"             "3OAS12M13"          
  [85] "3OAS12M14"           "3OAS13M14"           "3OAS140"             "3OAS160"            
  [89] "3OAS180"             "3OAS2M3"             "3OAS3M4"             "3OAS4M3O6"          
  [93] "3OAS4M5"             "3OAS4M6"             "3OAS5M6"             "3OAS60"             
  [97] "3OAS6M7"             "3OAS6M8"             "3OAS7M8"             "3OAS80"             
 [101] "3OAS8M10"            "3OAS8M9"             "3OAS9M10"            "3OXCOAT"            
 [105] "4C2HM6SADH"          "4HBZt2"              "4HOXPACDt2r"         "4HP34DHPD"          
 [109] "4HTHRS"              "4NTPPH2"             "5AIZCDC"             "5C2O3EDDC"          
 [113] "5CM2HMUDI"           "5DOAN"               "5GLUP5T1"            "5GLUP5T2"           
 [117] "5MTAte"              "5MTHCYST"            "6PHBG"               "6PHBG2"             
 [121] "7AHSDH"              "7AHSDHe"             "A5PISO"              "AACGLYDH"           
 [125] "AACOAT"              "AACPS7"              "AACTOOR"             "AB6PGH"             
 [129] "AB6PGH2"             "ABTAr"               "ABUTD"               "ABUTR"              
 [133] "ABUTt2"              "ACACT1r"             "ACACT2r"             "ACACT3r"            
 [137] "ACACT4r"             "ACACT5r"             "ACACT6r"             "ACACT7r"            
 [141] "ACALD"               "ACALDt"              "ACBIPGT"             "ACCOAC"             
 [145] "ACCOACL"             "ACCOAL"              "ACGALpts"            "ACGAMT"             
 [149] "ACGApts"             "ACGK"                "ACGS"                "ACHBPL"             
 [153] "ACKr"                "ACLS_a"              "ACLS_b"              "ACNAMt2r"           
 [157] "ACNML"               "ACOAAGPAT140"        "ACOAAGPAT160"        "ACOAAGPAT180"       
 [161] "ACOAAGPATAI15"       "ACOAAGPATAI17"       "ACOAAGPATI14"        "ACOAAGPATI15"       
 [165] "ACOAAGPATI16"        "ACOAAGPATI17"        "ACOAD1"              "ACOAD2"             
 [169] "ACOAD20"             "ACOAD3rev"           "ACOAD4rev"           "ACOAD5rev"          
 [173] "ACOAD6rev"           "ACOAD7i"             "ACOATA"              "ACOCT"              
 [177] "ACODAr"              "ACONMT"              "ACONT"               "ACONTa"             
 [181] "ACONTb"              "ACOTA"               "ACPS1"               "ACPpds"             
 [185] "ACS"                 "ACTD"                "ACYP"                "ACYP_2"             
 [189] "ACt2r"               "ADA"                 "ADCL"                "ADCS"               
 [193] "ADD"                 "ADK1"                "ADK10"               "ADK11"              
 [197] "ADK2"                "ADK3"                "ADK5"                "ADK7"               
 [201] "ADK8"                "ADK9"                "ADMDC"               "ADNCNT3tc"          
 [205] "ADNCYC"              "ADNUC"               "ADOCBIK"             "ADOCBIK2"           
 [209] "ADOCBLS"             "ADOCBLabc"           "ADPRDP"              "ADPT"               
 [213] "ADSELK"              "ADSK"                "ADSL1r"              "ADSL2r"             
 [217] "ADSS"                "AGALASE_OGLYCAN10e"  "AGALASE_OGLYCAN11e"  "AGALASE_OGLYCAN12e" 
 [221] "AGALASE_OGLYCAN13e"  "AGALASE_OGLYCAN14e"  "AGALASE_OGLYCAN15e"  "AGALASE_OGLYCAN16e" 
 [225] "AGALASE_OGLYCAN17e"  "AGALASE_OGLYCAN18e"  "AGALASE_OGLYCAN19e"  "AGALASE_OGLYCAN1e"  
 [229] "AGALASE_OGLYCAN20e"  "AGALASE_OGLYCAN21e"  "AGALASE_OGLYCAN22e"  "AGALASE_OGLYCAN23e" 
 [233] "AGALASE_OGLYCAN24e"  "AGALASE_OGLYCAN25e"  "AGALASE_OGLYCAN26e"  "AGALASE_OGLYCAN27e" 
 [237] "AGALASE_OGLYCAN28e"  "AGALASE_OGLYCAN29e"  "AGALASE_OGLYCAN2e"   "AGALASE_OGLYCAN30e" 
 [241] "AGALASE_OGLYCAN31e"  "AGALASE_OGLYCAN32e"  "AGALASE_OGLYCAN33e"  "AGALASE_OGLYCAN34e" 
 [245] "AGALASE_OGLYCAN35e"  "AGALASE_OGLYCAN36e"  "AGALASE_OGLYCAN37e"  "AGALASE_OGLYCAN38e" 
 [249] "AGALASE_OGLYCAN39e"  "AGALASE_OGLYCAN3e"   "AGALASE_OGLYCAN40e"  "AGALASE_OGLYCAN41e" 
 [253] "AGALASE_OGLYCAN42e"  "AGALASE_OGLYCAN43e"  "AGALASE_OGLYCAN44e"  "AGALASE_OGLYCAN45e" 
 [257] "AGALASE_OGLYCAN46e"  "AGALASE_OGLYCAN47e"  "AGALASE_OGLYCAN48e"  "AGALASE_OGLYCAN49e" 
 [261] "AGALASE_OGLYCAN4e"   "AGALASE_OGLYCAN50e"  "AGALASE_OGLYCAN51e"  "AGALASE_OGLYCAN52e" 
 [265] "AGALASE_OGLYCAN53e"  "AGALASE_OGLYCAN54e"  "AGALASE_OGLYCAN55e"  "AGALASE_OGLYCAN56e" 
 [269] "AGALASE_OGLYCAN57e"  "AGALASE_OGLYCAN58e"  "AGALASE_OGLYCAN59e"  "AGALASE_OGLYCAN5e"  
 [273] "AGALASE_OGLYCAN60e"  "AGALASE_OGLYCAN61e"  "AGALASE_OGLYCAN62e"  "AGALASE_OGLYCAN63e" 
 [277] "AGALASE_OGLYCAN64e"  "AGALASE_OGLYCAN65e"  "AGALASE_OGLYCAN66e"  "AGALASE_OGLYCAN67e" 
 [281] "AGALASE_OGLYCAN68e"  "AGALASE_OGLYCAN69e"  "AGALASE_OGLYCAN6e"   "AGALASE_OGLYCAN70e" 
 [285] "AGALASE_OGLYCAN71e"  "AGALASE_OGLYCAN72e"  "AGALASE_OGLYCAN73e"  "AGALASE_OGLYCAN74e" 
 [289] "AGALASE_OGLYCAN75e"  "AGALASE_OGLYCAN76e"  "AGALASE_OGLYCAN77e"  "AGALASE_OGLYCAN78e" 
 [293] "AGALASE_OGLYCAN79e"  "AGALASE_OGLYCAN7e"   "AGALASE_OGLYCAN8e"   "AGALASE_OGLYCAN9e"  
 [297] "AGDC"                "AGDC2"               "AGMHE"               "AGMT"               
 [301] "AGPAT120"            "AGPAT140"            "AGPAT141"            "AGPAT160"           
 [305] "AGPAT161"            "AGPAT180"            "AGPAT181"            "AGPR"               
 [309] "AHCYSNS_r"           "AICART"              "AIHPDCOATA"          "AIPDCOATA"          
 [313] "AIRC4"               "AKGS"                "AKGt2r"              "AKP1"               
 [317] "ALAALA"              "ALAASP1c"            "ALAASPabc"           "ALACI"              
 [321] "ALAGLN1c"            "ALAGLNabc"           "ALAGLU1c"            "ALAGLUabc"          
 [325] "ALAGLY1c"            "ALAGLYabc"           "ALAHIS1c"            "ALAHISabc"          
 [329] "ALALEU1c"            "ALALEUabc"           "ALAR"                "ALATA_L"            
 [333] "ALATHR1c"            "ALATHRabc"           "ALAt2r"              "ALCD1"              
 [337] "ALCD19"              "ALCD2x"              "ALDD1"               "ALDD2x"             
 [341] "ALDD8x"              "ALKP"                "ALLTAMH2"            "ALLTN"              
 [345] "ALLTNt2r"            "ALPHNH"              "ALTRH"               "AMALT1"             
 [349] "AMALT2"              "AMALT3"              "AMALT4"              "AMANAPEr"           
 [353] "AMANK"               "AMAOTr"              "AMMQT8r"             "AMPMS2"             
 [357] "AMPN"                "AMPTASECG"           "AMPTASEGC"           "ANOX"               
 [361] "ANPRT"               "ANS"                 "ANS2"                "AOBUTDs"            
 [365] "AOXSr"               "AOXSr2"              "AP4AH"               "APRAUR"             
 [369] "APSRmq"              "APTNAT"              "ARAI"                "ARBTpts"            
 [373] "ARBabc"              "ARBt2r"              "ARGDC"               "ARGSL"              
 [377] "ARGSSr"              "ARGabc"              "ARGt2"               "ASAD"               
 [381] "ASCBPL"              "ASNS1"               "ASNS2"               "ASNt2r"             
 [385] "ASO3t"               "ASO4t"               "ASP1DC"              "ASPCT"              
 [389] "ASPKi"               "ASPO1"               "ASPO5"               "ASPO6"              
 [393] "ASPO7"               "ASPT"                "ASPTA"               "ASPabc"             
 [397] "ASPt2_2"             "ASPt2_3"             "ASPte"               "AST"                
 [401] "ATPPRT"              "ATPS4"               "BACCLi"              "BBTCOAOX"           
 [405] "BDH"                 "BETALDHx"            "BETALDHy"            "BGALASE_OGLYCAN100e"
 [409] "BGALASE_OGLYCAN101e" "BGALASE_OGLYCAN102e" "BGALASE_OGLYCAN103e" "BGALASE_OGLYCAN104e"
 [413] "BGALASE_OGLYCAN105e" "BGALASE_OGLYCAN106e" "BGALASE_OGLYCAN107e" "BGALASE_OGLYCAN108e"
 [417] "BGALASE_OGLYCAN109e" "BGALASE_OGLYCAN10e"  "BGALASE_OGLYCAN110e" "BGALASE_OGLYCAN111e"
 [421] "BGALASE_OGLYCAN112e" "BGALASE_OGLYCAN113e" "BGALASE_OGLYCAN114e" "BGALASE_OGLYCAN115e"
 [425] "BGALASE_OGLYCAN116e" "BGALASE_OGLYCAN117e" "BGALASE_OGLYCAN118e" "BGALASE_OGLYCAN119e"
 [429] "BGALASE_OGLYCAN11e"  "BGALASE_OGLYCAN120e" "BGALASE_OGLYCAN121e" "BGALASE_OGLYCAN122e"
 [433] "BGALASE_OGLYCAN123e" "BGALASE_OGLYCAN124e" "BGALASE_OGLYCAN125e" "BGALASE_OGLYCAN126e"
 [437] "BGALASE_OGLYCAN127e" "BGALASE_OGLYCAN128e" "BGALASE_OGLYCAN129e" "BGALASE_OGLYCAN12e" 
 [441] "BGALASE_OGLYCAN130e" "BGALASE_OGLYCAN131e" "BGALASE_OGLYCAN132e" "BGALASE_OGLYCAN133e"
 [445] "BGALASE_OGLYCAN134e" "BGALASE_OGLYCAN135e" "BGALASE_OGLYCAN136e" "BGALASE_OGLYCAN137e"
 [449] "BGALASE_OGLYCAN138e" "BGALASE_OGLYCAN139e" "BGALASE_OGLYCAN13e"  "BGALASE_OGLYCAN140e"
 [453] "BGALASE_OGLYCAN141e" "BGALASE_OGLYCAN142e" "BGALASE_OGLYCAN143e" "BGALASE_OGLYCAN144e"
 [457] "BGALASE_OGLYCAN145e" "BGALASE_OGLYCAN146e" "BGALASE_OGLYCAN147e" "BGALASE_OGLYCAN148e"
 [461] "BGALASE_OGLYCAN149e" "BGALASE_OGLYCAN14e"  "BGALASE_OGLYCAN150e" "BGALASE_OGLYCAN15e" 
 [465] "BGALASE_OGLYCAN16e"  "BGALASE_OGLYCAN17e"  "BGALASE_OGLYCAN18e"  "BGALASE_OGLYCAN19e" 
 [469] "BGALASE_OGLYCAN1e"   "BGALASE_OGLYCAN20e"  "BGALASE_OGLYCAN21e"  "BGALASE_OGLYCAN22e" 
 [473] "BGALASE_OGLYCAN23e"  "BGALASE_OGLYCAN24e"  "BGALASE_OGLYCAN25e"  "BGALASE_OGLYCAN26e" 
 [477] "BGALASE_OGLYCAN27e"  "BGALASE_OGLYCAN28e"  "BGALASE_OGLYCAN29e"  "BGALASE_OGLYCAN2e"  
 [481] "BGALASE_OGLYCAN30e"  "BGALASE_OGLYCAN31e"  "BGALASE_OGLYCAN32e"  "BGALASE_OGLYCAN33e" 
 [485] "BGALASE_OGLYCAN34e"  "BGALASE_OGLYCAN35e"  "BGALASE_OGLYCAN36e"  "BGALASE_OGLYCAN37e" 
 [489] "BGALASE_OGLYCAN38e"  "BGALASE_OGLYCAN39e"  "BGALASE_OGLYCAN3e"   "BGALASE_OGLYCAN40e" 
 [493] "BGALASE_OGLYCAN41e"  "BGALASE_OGLYCAN42e"  "BGALASE_OGLYCAN43e"  "BGALASE_OGLYCAN44e" 
 [497] "BGALASE_OGLYCAN45e"  "BGALASE_OGLYCAN46e"  "BGALASE_OGLYCAN47e"  "BGALASE_OGLYCAN48e" 
 [501] "BGALASE_OGLYCAN49e"  "BGALASE_OGLYCAN4e"   "BGALASE_OGLYCAN50e"  "BGALASE_OGLYCAN51e" 
 [505] "BGALASE_OGLYCAN52e"  "BGALASE_OGLYCAN53e"  "BGALASE_OGLYCAN54e"  "BGALASE_OGLYCAN55e" 
 [509] "BGALASE_OGLYCAN56e"  "BGALASE_OGLYCAN57e"  "BGALASE_OGLYCAN58e"  "BGALASE_OGLYCAN59e" 
 [513] "BGALASE_OGLYCAN5e"   "BGALASE_OGLYCAN60e"  "BGALASE_OGLYCAN61e"  "BGALASE_OGLYCAN62e" 
 [517] "BGALASE_OGLYCAN63e"  "BGALASE_OGLYCAN64e"  "BGALASE_OGLYCAN65e"  "BGALASE_OGLYCAN66e" 
 [521] "BGALASE_OGLYCAN67e"  "BGALASE_OGLYCAN68e"  "BGALASE_OGLYCAN69e"  "BGALASE_OGLYCAN6e"  
 [525] "BGALASE_OGLYCAN70e"  "BGALASE_OGLYCAN71e"  "BGALASE_OGLYCAN72e"  "BGALASE_OGLYCAN73e" 
 [529] "BGALASE_OGLYCAN74e"  "BGALASE_OGLYCAN75e"  "BGALASE_OGLYCAN76e"  "BGALASE_OGLYCAN77e" 
 [533] "BGALASE_OGLYCAN78e"  "BGALASE_OGLYCAN79e"  "BGALASE_OGLYCAN7e"   "BGALASE_OGLYCAN80e" 
 [537] "BGALASE_OGLYCAN81e"  "BGALASE_OGLYCAN82e"  "BGALASE_OGLYCAN83e"  "BGALASE_OGLYCAN84e" 
 [541] "BGALASE_OGLYCAN85e"  "BGALASE_OGLYCAN86e"  "BGALASE_OGLYCAN87e"  "BGALASE_OGLYCAN88e" 
 [545] "BGALASE_OGLYCAN89e"  "BGALASE_OGLYCAN8e"   "BGALASE_OGLYCAN90e"  "BGALASE_OGLYCAN91e" 
 [549] "BGALASE_OGLYCAN92e"  "BGALASE_OGLYCAN93e"  "BGALASE_OGLYCAN94e"  "BGALASE_OGLYCAN95e" 
 [553] "BGALASE_OGLYCAN96e"  "BGALASE_OGLYCAN97e"  "BGALASE_OGLYCAN98e"  "BGALASE_OGLYCAN99e" 
 [557] "BGALASE_OGLYCAN9e"   "BGLA1"               "BGLAr"               "BIACt1"             
 [561] "BIACt4"              "BPNT"                "BTDD_RR"             "BTNCLi"             
 [565] "BTNabc"              "BTS4"                "BUTSO3abc"           "CADVt"              
 [569] "CAt4i"               "CBIAT"               "CBL1abc"             "CBL2abc"            
 [573] "CBLAT"               "CBMK"                "CBMTHL"              "CBPS"               
 [577] "CCOuq"               "CD2abc1"             "CDAPPA120"           "CDAPPA140"          
 [581] "CDAPPA141"           "CDAPPA160"           "CDAPPA161"           "CDAPPA180"          
 [585] "CDAPPA181"           "CDCA7aHSDHe"         "CDOSKT"              "CDPMEK"             
 [589] "CELBpts"             "CGLYabc"             "CHLt2r"              "CHOLD"              
 [593] "CHOLSH"              "CHORM"               "CHORS"               "CHRPL"              
 [597] "CINNDO"              "CINNMt2r"            "CITL"                "CITt7"              
 [601] "CLPNS140"            "CLPNS160"            "CLPNS180"            "CLPNSAI15"          
 [605] "CLPNSAI17"           "CLPNSI14"            "CLPNSI15"            "CLPNSI16"           
 [609] "CLPNSI17"            "CO2t"                "COBALTt5"            "CPPPGO"             
 [613] "CPPPGO2"             "CRNBTCT"             "CRNCBCT"             "CRNCDH"             
 [617] "CRNabc"              "CRNt7"               "CSND"                "CSNt2"              
 [621] "CTBTt"               "CTPS1"               "CTPS2"               "CYNTt2"             
 [625] "CYOmq"               "CYRDAAT"             "CYSDS"               "CYSR"               
 [629] "CYSS"                "CYSS3r"              "CYSTL"               "CYSt2r"             
 [633] "CYTBD"               "CYTBD2"              "CYTD"                "CYTDK1"             
 [637] "CYTDK2"              "CYTDK3"              "CYTDK4"              "CYTDt2"             
 [641] "CYTDt4"              "CYTK1"               "CYTK2"               "Cuabc"              
 [645] "Cut1"                "DAAD"                "DACTt3"              "DADA"               
 [649] "DADNt2r"             "DAGK120"             "DAGK140"             "DAGK141"            
 [653] "DAGK160"             "DAGK161"             "DAGK180"             "DAGK181"            
 [657] "DALAt2r"             "DAPAT"               "DAPDC"               "DAPE"               
 [661] "DASYN120"            "DASYN140"            "DASYN141"            "DASYN160"           
 [665] "DASYN161"            "DASYN180"            "DASYN181"            "DASYNAI15"          
 [669] "DASYNAI17"           "DASYNI14"            "DASYNI15"            "DASYNI16"           
 [673] "DASYNI17"            "DB4PS"               "DBTS"                "DCTPD"              
 [677] "DCTPD2"              "DCYSDS"              "DCYTD"               "DCYTt2r"            
 [681] "DDCAt"               "DDGALK"              "DDGLCNt2r"           "DDGLK"              
 [685] "DDPA"                "DDPGA"               "DDPGALA"             "DGK1"               
 [689] "DGSNt2"              "DHAD1"               "DHAD2"               "DHAPT"              
 [693] "DHBD"                "DHBS"                "DHCIND"              "DHCINNMt2r"         
 [697] "DHDPRy"              "DHDPS"               "DHEDAA"              "DHFOR2"             
 [701] "DHFR"                "DHFS"                "DHNAOPT"             "DHNAOT4"            
 [705] "DHNPA"               "DHNPA2"              "DHORD2"              "DHORD5"             
 [709] "DHORDfum"            "DHORDi"              "DHORTS"              "DHPDO"              
 [713] "DHPM1"               "DHPM2"               "DHPPD"               "DHPPDA"             
 [717] "DHPPPNt2r"           "DHPR"                "DHPS"                "DHPS2"              
 [721] "DHQS"                "DHQTi"               "DINSt2"              "DKGLCNR1"           
 [725] "DMATT"               "DMPPS"               "DMPPS2r"             "DMQMT"              
 [729] "DMQMT2"              "DMSOR1"              "DMSOR2"              "DMSORdmq"           
 [733] "DMSORmq"             "DM_4HBA"             "DM_5DRIB"            "DM_5MTR"            
 [737] "DM_AMOB"             "DM_HQN"              "DM_atp_c"            "DM_btn"             
 [741] "DM_clpn140_c"        "DM_clpn160_c"        "DM_clpn180_c"        "DM_clpnai15_c"      
 [745] "DM_clpnai17_c"       "DM_clpni14_c"        "DM_clpni15_c"        "DM_clpni16_c"       
 [749] "DM_clpni17_c"        "DM_dad_5"            "DM_dhptd_c"          "DM_kdo2lipid4L_c"   
 [753] "DM_teich__45__BS_c"  "DNTPPA"              "DOGULNR"             "DPCOAK"             
 [757] "DPRr"                "DRBK"                "DRIBabc"             "DRPAr"              
 [761] "DSERt2r"             "DTMPK"               "DURAD"               "DURAD2"             
 [765] "DURIK1"              "DURIPP"              "DURIt2"              "DUTPDP"             
 [769] "DXPRIr"              "DXPS"                "D_LACD"              "D_LACt2"            
 [773] "E4PD"                "EACPR1"              "EACPR2"              "EAR100x"            
 [777] "EAR10M11x"           "EAR10M12x"           "EAR11M12x"           "EAR120x"            
 [781] "EAR12M13x"           "EAR12M14x"           "EAR13M14x"           "EAR140x"            
 [785] "EAR14M15x"           "EAR14M16x"           "EAR15M16x"           "EAR160x"            
 [789] "EAR180x"             "EAR40x"              "EAR4M5x"             "EAR4M6x"            
 [793] "EAR5M6x"             "EAR60x"              "EAR6M7x"             "EAR6M8x"            
 [797] "EAR7M8x"             "EAR80x"              "EAR8M10x"            "EAR8M9x"            
 [801] "EAR9M10x"            "ECOAH1"              "ECOAH12"             "ECOAH1R"            
 [805] "ECOAH2"              "ECOAH3"              "ECOAH4"              "ECOAH5"             
 [809] "ECOAH6"              "ECOAH7"              "ECOAH9"              "EDA"                
 [813] "EDD"                 "EDTXS1"              "EDTXS2"              "EHGLAT"             
 [817] "ENO"                 "ETHAAL"              "ETHAt2"              "ETHSO3abc"          
 [821] "ETOHt"               "EX_12ppd__S_e"       "EX_15dap_e"          "EX_2ddglcn_e"       
 [825] "EX_2hyoxplac_e"      "EX_34dhpha_e"        "EX_3hphac_e"         "EX_3hpppn_e"        
 [829] "EX_4abut_e"          "EX_4hbz_e"           "EX_4hoxpacd_e"       "EX_5mta_e"          
 [833] "EX_7dhcdchol_e"      "EX_7ocholate_e"      "EX_C02528_e"         "EX_Lcyst_e"         
 [837] "EX_MGlcn100_e"       "EX_MGlcn100__rl_e"   "EX_MGlcn101_e"       "EX_MGlcn101__rl_e"  
 [841] "EX_MGlcn102_e"       "EX_MGlcn102__rl_e"   "EX_MGlcn104_e"       "EX_MGlcn104__rl_e"  
 [845] "EX_MGlcn105_e"       "EX_MGlcn105__rl_e"   "EX_MGlcn106_e"       "EX_MGlcn106__rl_e"  
 [849] "EX_MGlcn107_e"       "EX_MGlcn107__rl_e"   "EX_MGlcn109_e"       "EX_MGlcn109__rl_e"  
 [853] "EX_MGlcn110_e"       "EX_MGlcn110__rl_e"   "EX_MGlcn111_e"       "EX_MGlcn111__rl_e"  
 [857] "EX_MGlcn112_e"       "EX_MGlcn112__rl_e"   "EX_MGlcn113_e"       "EX_MGlcn113__rl_e"  
 [861] "EX_MGlcn114_e"       "EX_MGlcn114__rl_e"   "EX_MGlcn115_e"       "EX_MGlcn115__rl_e"  
 [865] "EX_MGlcn117_e"       "EX_MGlcn117__rl_e"   "EX_MGlcn12_e"        "EX_MGlcn120_e"      
 [869] "EX_MGlcn120__rl_e"   "EX_MGlcn126_e"       "EX_MGlcn126__rl_e"   "EX_MGlcn12__rl_e"   
 [873] "EX_MGlcn13_e"        "EX_MGlcn130_e"       "EX_MGlcn130__rl_e"   "EX_MGlcn131_e"      
 [877] "EX_MGlcn131__rl_e"   "EX_MGlcn137_e"       "EX_MGlcn137__rl_e"   "EX_MGlcn138_e"      
 [881] "EX_MGlcn138__rl_e"   "EX_MGlcn139_e"       "EX_MGlcn139__rl_e"   "EX_MGlcn13__rl_e"   
 [885] "EX_MGlcn14_e"        "EX_MGlcn140_e"       "EX_MGlcn140__rl_e"   "EX_MGlcn141_e"      
 [889] "EX_MGlcn141__rl_e"   "EX_MGlcn142_e"       "EX_MGlcn142__rl_e"   "EX_MGlcn143_e"      
 [893] "EX_MGlcn143__rl_e"   "EX_MGlcn144_e"       "EX_MGlcn144__rl_e"   "EX_MGlcn145_e"      
 [897] "EX_MGlcn145__rl_e"   "EX_MGlcn146_e"       "EX_MGlcn146__rl_e"   "EX_MGlcn147_e"      
 [901] "EX_MGlcn147__rl_e"   "EX_MGlcn148_e"       "EX_MGlcn148__rl_e"   "EX_MGlcn149_e"      
 [905] "EX_MGlcn149__rl_e"   "EX_MGlcn14__rl_e"    "EX_MGlcn150_e"       "EX_MGlcn150__rl_e"  
 [909] "EX_MGlcn151_e"       "EX_MGlcn151__rl_e"   "EX_MGlcn152_e"       "EX_MGlcn152__rl_e"  
 [913] "EX_MGlcn153_e"       "EX_MGlcn153__rl_e"   "EX_MGlcn154_e"       "EX_MGlcn154__rl_e"  
 [917] "EX_MGlcn155_e"       "EX_MGlcn155__rl_e"   "EX_MGlcn156_e"       "EX_MGlcn156__rl_e"  
 [921] "EX_MGlcn157_e"       "EX_MGlcn157__rl_e"   "EX_MGlcn158_e"       "EX_MGlcn158__rl_e"  
 [925] "EX_MGlcn159_e"       "EX_MGlcn159__rl_e"   "EX_MGlcn16_e"        "EX_MGlcn160_e"      
 [929] "EX_MGlcn160__rl_e"   "EX_MGlcn161_e"       "EX_MGlcn161__rl_e"   "EX_MGlcn163_e"      
 [933] "EX_MGlcn163__rl_e"   "EX_MGlcn164_e"       "EX_MGlcn164__rl_e"   "EX_MGlcn165_e"      
 [937] "EX_MGlcn165__rl_e"   "EX_MGlcn166_e"       "EX_MGlcn166__rl_e"   "EX_MGlcn167_e"      
 [941] "EX_MGlcn167__rl_e"   "EX_MGlcn168_e"       "EX_MGlcn168__rl_e"   "EX_MGlcn169_e"      
 [945] "EX_MGlcn169__rl_e"   "EX_MGlcn16__rl_e"    "EX_MGlcn170_e"       "EX_MGlcn170__rl_e"  
 [949] "EX_MGlcn171_e"       "EX_MGlcn171__rl_e"   "EX_MGlcn172_e"       "EX_MGlcn172__rl_e"  
 [953] "EX_MGlcn173_e"       "EX_MGlcn173__rl_e"   "EX_MGlcn174_e"       "EX_MGlcn174__rl_e"  
 [957] "EX_MGlcn175_e"       "EX_MGlcn175__rl_e"   "EX_MGlcn176_e"       "EX_MGlcn176__rl_e"  
 [961] "EX_MGlcn177_e"       "EX_MGlcn177__rl_e"   "EX_MGlcn178_e"       "EX_MGlcn178__rl_e"  
 [965] "EX_MGlcn179_e"       "EX_MGlcn179__rl_e"   "EX_MGlcn18_e"        "EX_MGlcn180_e"      
 [969] "EX_MGlcn180__rl_e"   "EX_MGlcn181_e"       "EX_MGlcn181__rl_e"   "EX_MGlcn182_e"      
 [973] "EX_MGlcn182__rl_e"   "EX_MGlcn18__rl_e"    "EX_MGlcn195_e"       "EX_MGlcn195__rl_e"  
 [977] "EX_MGlcn196_e"       "EX_MGlcn196__rl_e"   "EX_MGlcn2_e"         "EX_MGlcn21_e"       
 [981] "EX_MGlcn21__rl_e"    "EX_MGlcn22_e"        "EX_MGlcn22__rl_e"    "EX_MGlcn23_e"       
 [985] "EX_MGlcn23__rl_e"    "EX_MGlcn25_e"        "EX_MGlcn25__rl_e"    "EX_MGlcn26_e"       
 [989] "EX_MGlcn26__rl_e"    "EX_MGlcn27_e"        "EX_MGlcn27__rl_e"    "EX_MGlcn28_e"       
 [993] "EX_MGlcn28__rl_e"    "EX_MGlcn29_e"        "EX_MGlcn29__rl_e"    "EX_MGlcn2__rl_e"    
 [997] "EX_MGlcn3_e"         "EX_MGlcn30_e"        "EX_MGlcn30__rl_e"    "EX_MGlcn31_e"       
 [ reached 'max' / getOption("max.print") -- omitted 1356 entries ]

Slot "met_id":
                                                                                    
      "10fthf5glu_c"           "10fthf_c"     "10m3hddcaACP_c"    "10m3hundecACP_c" 
                                                                                    
    "10m3oddcaACP_c"    "10m3oundecACP_c"       "10mddcaACP_c"    "10mtddec2eACP_c" 
                                                                                    
  "10mtundec2eACP_c"      "10mundecACP_c"     "11m3hddcaACP_c"     "11m3oddcaACP_c" 
                                                                                    
      "11mddcaACP_c"    "11mtddec2eACP_c"      "12daihdglyc_c"      "12daipdglyc_c" 
                                                                                    
        "12dgr120_c"         "12dgr140_c"         "12dgr141_c"         "12dgr160_c" 
                                                                                    
        "12dgr161_c"         "12dgr180_c"         "12dgr181_c"       "12dihdglyc_c" 
                                                                                    
      "12dipdglyc_c"       "12ditdglyc_c"       "12dixdglyc_c"     "12m3hmyrsACP_c" 
                                                                                    
  "12m3htridecACP_c"     "12m3omyrsACP_c"   "12m3otridecACP_c"       "12mmyrsACP_c" 
                                                                                    
    "12mtmrs2eACP_c"     "12mtridecACP_c"  "12mttritec2eACP_c"         "12ppd__S_c" 
                                                                                    
        "12ppd__S_e"            "13dpg_c"     "13m3hmyrsACP_c"     "13m3omyrsACP_c" 
                                                                                    
      "13mmyrsACP_c"     "13mtmrs2eACP_c"     "14m3hpalmACP_c"  "14m3hpentdecACP_c" 
                                                                                    
    "14m3opalmACP_c"  "14m3opentdecACP_c"       "14mpalmACP_c"    "14mpentdecACP_c" 
                                                                                    
   "14mtpalm2eACP_c" "14mtpentdec2eACP_c"            "15dap_c"            "15dap_e" 
                                                                                    
    "15m3hpalmACP_c"     "15m3opalmACP_c"       "15mpalmACP_c"    "15mtpalm2eACP_c" 
                                                                                    
        "1agpe120_c"         "1agpe140_c"         "1agpe141_c"         "1agpe160_c" 
                                                                                    
        "1agpe161_c"         "1agpe180_c"         "1agpe181_c"         "1agpg120_c" 
                                                                                    
        "1agpg140_c"         "1agpg141_c"         "1agpg160_c"         "1agpg161_c" 
                                                                                    
        "1agpg180_c"         "1agpg181_c"      "1aihpdecg3p_c"       "1aipdecg3p_c" 
                                                                                    
        "1ddecg3p_c"       "1hdec9eg3p_c"         "1hdecg3p_c"        "1ihdecg3p_c" 
                                                                                    
      "1ihpdecg3p_c"        "1ipdecg3p_c"        "1itdecg3p_c"      "1odec11eg3p_c" 
                                                                                    
        "1odecg3p_c"           "1p3h5c_c"           "1pyr5c_c"       "1tdec7eg3p_c" 
                                                                                    
        "1tdecg3p_c"           "23camp_c"           "23ccmp_c"           "23cgmp_c" 
                                                                                    
          "23cump_c"           "23ddhb_c"            "23dhb_c"           "23dhba_c" 
                                                                                    
          "23dhdp_c"           "23dhmb_c"           "23dhmp_c"         "23doguln_c" 
                                                                                    
         "24dhhed_c"           "25aics_c"           "25dhpp_c"         "25dkglcn_c" 
                                                                                    
       "26dap__LL_c"         "26dap__M_c"         "2agpe120_c"         "2agpe140_c" 
                                                                                    
        "2agpe141_c"         "2agpe160_c"         "2agpe161_c"         "2agpe180_c" 
                                                                                    
        "2agpe181_c"         "2agpg120_c"         "2agpg140_c"         "2agpg141_c" 
                                                                                    
        "2agpg160_c"         "2agpg161_c"         "2agpg180_c"         "2agpg181_c" 
                                                                                    
          "2ahbut_c"           "2ahhmd_c"           "2ahhmp_c"           "2aobut_c" 
                                                                                    
          "2cpr5p_c"           "2dda7p_c"         "2ddecg3p_c"           "2ddg6p_c" 
                                                                                    
         "2ddglcn_c"          "2ddglcn_e"       "2dh3dgal6p_c"         "2dh3dgal_c" 
                                                                                    
        "2dh3dglc_c"          "2dhglcn_c"          "2dhguln_c"             "2dhp_c" 
                                                                                    
          "2dmmq8_c"          "2dmmql8_c"            "2dr1p_c"            "2dr5p_c" 
                                                                                    
        "2h3oppan_c"       "2hdec9eg3p_c"         "2hdecg3p_c"          "2hh24dd_c" 
                                                                                    
         "2hymeph_c"        "2hyoxplac_c"        "2hyoxplac_e"            "2ippm_c" 
                                                                                    
         "2maacoa_c"           "2mahmp_c"          "2mb2coa_c"           "2mbcoa_c" 
                                                                                    
        "2mbutACP_c"           "2mcacn_c"            "2mcit_c"            "2me4p_c" 
                                                                                    
          "2mecdp_c"             "2mop_c"          "2mp2coa_c"        "2mpropACP_c" 
                                                                                    
           "2obut_c"      "2odec11eg3p_c"         "2odecg3p_c"            "2ohed_c" 
                                                                                    
           "2ohph_c"            "2ombz_c"           "2ombzl_c"          "2omhmbl_c" 
                                                                                    
           "2ommb_c"           "2ommbl_c"            "2omph_c"             "2oph_c" 
                                                                                    
         "2p4c2me_c"              "2pg_c"           "2pglyc_c"         "2s5epchc_c" 
                                                                                    
          "2shchc_c"       "2tdec7eg3p_c"         "2tdecg3p_c"      "33hmeoxobut_c" 
                                                                                    
         "34dhpha_c"          "34dhpha_e"            "34hpp_c"           "3a2opp_c" 
                                                                                    
            "3amp_c"           "3c2hmp_c"           "3c3hmp_c"           "3c4mop_c" 
                                                                                    
            "3cmp_c"          "3dhguln_c"         "3dhgulnp_c"             "3dhq_c" 
                                                                                    
           "3dhsk_c"             "3gmp_c"           "3h3mop_c"           "3haACP_c" 
                                                                                    
        "3hadpcoa_c"           "3hbcoa_c"        "3hbcoa__R_c"          "3hcinnm_c" 
                                                                                    
          "3hdcoa_c"          "3hddcoa_c"        "3hddecACP_c"         "3hdecACP_c" 
                                                                                    
         "3hgACPm_c"           "3hhcoa_c"          "3hhdcoa_c"         "3hhexACP_c" 
                                                                                    
       "3hibutcoa_c"          "3hmbcoa_c"             "3hmp_c"         "3hmrsACP_c" 
                                                                                    
          "3hocoa_c"         "3hoctACP_c"        "3hoctaACP_c"          "3hpACPm_c" 
                                                                                    
       "3hpalmACP_c"           "3hphac_c"           "3hphac_e"           "3hpppn_c" 
                                                                                    
          "3hpppn_e"          "3htdcoa_c"            "3ig3p_c"         "3mbutACP_c" 
                                                                                    
            "3mob_c"             "3mop_c"           "3odcoa_c"          "3oddcoa_c" 
                                                                                    
       "3oddecACP_c"         "3odecACP_c"          "3ogACPm_c"           "3ohcoa_c" 
                                                                                    
         "3ohdcoa_c"         "3ohexACP_c"         "3omrsACP_c"           "3oocoa_c" 
                                                                                    
        "3ooctACP_c"        "3ooctdACP_c"          "3opACPm_c"        "3opalmACP_c" 
                                                                                    
           "3ophb_c"          "3otdcoa_c"          "3padsel_c"              "3pg_c" 
                                                                                    
            "3php_c"            "3psme_c"             "3uib_c"             "3ump_c" 
                                                                                    
           "4abut_c"            "4abut_e"           "4abutn_c"             "4abz_c" 
                                                                                    
          "4adcho_c"           "4ahmmp_c"            "4ampm_c"            "4c2me_c" 
                                                                                    
         "4h2oglt_c"         "4h2opntn_c"             "4hba_c"             "4hbz_c" 
                                                                                    
            "4hbz_e"         "4hoxpacd_c"         "4hoxpacd_e"           "4hphac_c" 
                                                                                    
       "4hpro__LT_c"            "4hthr_c"       "4m3hhexACP_c"      "4m3hpentACP_c" 
                                                                                    
      "4m3ohexACP_c"      "4m3opentACP_c"           "4mhetz_c"         "4mhexACP_c" 
                                                                                    
            "4mop_c"        "4mpentACP_c"           "4mpetz_c"      "4mthex2eACP_c" 
                                                                                    
    "4mtpent2eACP_c"            "4pasp_c"             "4per_c"            "4ppan_c" 
                                                                                    
          "4ppcys_c"            "4r5au_c"           "56dthm_c"           "56dura_c" 
                                                                                    
           "5aizc_c"             "5aop_c"           "5aprbu_c"            "5apru_c" 
                                                                                    
           "5aptn_c"          "5c2o3ed_c"          "5cm2hmu_c"          "5cmhmsa_c" 
                                                                                    
        "5dh4dglc_c"            "5drib_c"            "5fthf_c"       "5m3hhexACP_c" 
                                                                                    
      "5m3ohexACP_c"         "5mhexACP_c"             "5mta_c"             "5mta_e" 
                                                                                    
            "5mtc_c"      "5mthex2eACP_c"            "5mthf_c"          "5mthglu_c" 
                                                                                    
            "5mtr_c"          "5prdmbz_c"             "5thf_c"           "6hmhpt_c" 
                                                                                    
        "6hmhptpp_c"      "6m3hheptACP_c"        "6m3hocACP_c"      "6m3oheptACP_c" 
                                                                                    
       "6m3oocACP_c"        "6mheptACP_c"          "6mocACP_c"     "6mthept2eACP_c" 
                                                                                    
     "6mtoct2eACP_c"             "6pgc_c"             "6pgg_c"             "6pgl_c" 
                                                                                    
       "7dhcdchol_e"        "7m3hocACP_c"        "7m3oocACP_c"          "7mocACP_c" 
                                                                                    
     "7mtoct2eACP_c"        "7ocholate_c"        "7ocholate_e"            "8aonn_c" 
                                                                                    
      "8m3hdcaACP_c"       "8m3hnonACP_c"       "8m3odcaACP_c"       "8m3ononACP_c" 
                                                                                    
        "8mdcaACP_c"         "8mnonACP_c"      "8mtdec2eACP_c"      "8mtnon2eACP_c" 
                                                                                    
      "9m3hdcaACP_c"       "9m3odcaACP_c"         "9mdcaACP_c"      "9mtdec2eACP_c" 
                                                                                    
             "ACP_c"           "C02528_e"           "CE5656_c"          "HC00695_c" 
                                                                                    
         "HC00955_c"          "HC01104_c"          "HC01434_c"          "HC01435_c" 
                                                                                    
         "HC01577_c"          "HC01609_c"          "HC01651_c"          "HC01652_c" 
                                                                                    
         "HC01668_c"          "HC01700_c"          "HC01710_c"            "Largn_c" 
                                                                                    
           "Lcyst_c"            "Lcyst_e"         "MGlcn100_e"     "MGlcn100__rl_e" 
                                                                                    
        "MGlcn101_e"     "MGlcn101__rl_e"         "MGlcn102_e"     "MGlcn102__rl_e" 
                                                                                    
        "MGlcn104_e"     "MGlcn104__rl_e"         "MGlcn105_e"     "MGlcn105__rl_e" 
                                                                                    
        "MGlcn106_e"     "MGlcn106__rl_e"         "MGlcn107_e"     "MGlcn107__rl_e" 
                                                                                    
        "MGlcn109_e"     "MGlcn109__rl_e"         "MGlcn110_e"     "MGlcn110__rl_e" 
                                                                                    
        "MGlcn111_e"     "MGlcn111__rl_e"         "MGlcn112_e"     "MGlcn112__rl_e" 
                                                                                    
        "MGlcn113_e"     "MGlcn113__rl_e"         "MGlcn114_e"     "MGlcn114__rl_e" 
                                                                                    
        "MGlcn115_e"     "MGlcn115__rl_e"         "MGlcn117_e"     "MGlcn117__rl_e" 
                                                                                    
        "MGlcn120_e"     "MGlcn120__rl_e"         "MGlcn126_e"     "MGlcn126__rl_e" 
                                                                                    
         "MGlcn12_e"      "MGlcn12__rl_e"         "MGlcn130_e"     "MGlcn130__rl_e" 
                                                                                    
        "MGlcn131_e"     "MGlcn131__rl_e"         "MGlcn137_e"     "MGlcn137__rl_e" 
                                                                                    
        "MGlcn138_e"     "MGlcn138__rl_e"         "MGlcn139_e"     "MGlcn139__rl_e" 
                                                                                    
         "MGlcn13_e"      "MGlcn13__rl_e"         "MGlcn140_e"     "MGlcn140__rl_e" 
                                                                                    
        "MGlcn141_e"     "MGlcn141__rl_e"         "MGlcn142_e"     "MGlcn142__rl_e" 
                                                                                    
        "MGlcn143_e"     "MGlcn143__rl_e"         "MGlcn144_e"     "MGlcn144__rl_e" 
                                                                                    
        "MGlcn145_e"     "MGlcn145__rl_e"         "MGlcn146_e"     "MGlcn146__rl_e" 
                                                                                    
        "MGlcn147_e"     "MGlcn147__rl_e"         "MGlcn148_e"     "MGlcn148__rl_e" 
                                                                                    
        "MGlcn149_e"     "MGlcn149__rl_e"          "MGlcn14_e"      "MGlcn14__rl_e" 
                                                                                    
        "MGlcn150_e"     "MGlcn150__rl_e"         "MGlcn151_e"     "MGlcn151__rl_e" 
                                                                                    
        "MGlcn152_e"     "MGlcn152__rl_e"         "MGlcn153_e"     "MGlcn153__rl_e" 
                                                                                    
        "MGlcn154_e"     "MGlcn154__rl_e"         "MGlcn155_e"     "MGlcn155__rl_e" 
                                                                                    
        "MGlcn156_e"     "MGlcn156__rl_e"         "MGlcn157_e"     "MGlcn157__rl_e" 
                                                                                    
        "MGlcn158_e"     "MGlcn158__rl_e"         "MGlcn159_e"     "MGlcn159__rl_e" 
                                                                                    
        "MGlcn160_e"     "MGlcn160__rl_e"         "MGlcn161_e"     "MGlcn161__rl_e" 
                                                                                    
        "MGlcn163_e"     "MGlcn163__rl_e"         "MGlcn164_e"     "MGlcn164__rl_e" 
                                                                                    
        "MGlcn165_e"     "MGlcn165__rl_e"         "MGlcn166_e"     "MGlcn166__rl_e" 
                                                                                    
        "MGlcn167_e"     "MGlcn167__rl_e"         "MGlcn168_e"     "MGlcn168__rl_e" 
                                                                                    
        "MGlcn169_e"     "MGlcn169__rl_e"          "MGlcn16_e"      "MGlcn16__rl_e" 
                                                                                    
        "MGlcn170_e"     "MGlcn170__rl_e"         "MGlcn171_e"     "MGlcn171__rl_e" 
                                                                                    
        "MGlcn172_e"     "MGlcn172__rl_e"         "MGlcn173_e"     "MGlcn173__rl_e" 
                                                                                    
        "MGlcn174_e"     "MGlcn174__rl_e"         "MGlcn175_e"     "MGlcn175__rl_e" 
                                                                                    
        "MGlcn176_e"     "MGlcn176__rl_e"         "MGlcn177_e"     "MGlcn177__rl_e" 
                                                                                    
        "MGlcn178_e"     "MGlcn178__rl_e"         "MGlcn179_e"     "MGlcn179__rl_e" 
                                                                                    
        "MGlcn180_e"     "MGlcn180__rl_e"         "MGlcn181_e"     "MGlcn181__rl_e" 
                                                                                    
        "MGlcn182_e"     "MGlcn182__rl_e"          "MGlcn18_e"      "MGlcn18__rl_e" 
                                                                                    
        "MGlcn195_e"     "MGlcn195__rl_e"         "MGlcn196_e"     "MGlcn196__rl_e" 
                                                                                    
         "MGlcn21_e"      "MGlcn21__rl_e"          "MGlcn22_e"      "MGlcn22__rl_e" 
                                                                                    
         "MGlcn23_e"      "MGlcn23__rl_e"          "MGlcn25_e"      "MGlcn25__rl_e" 
                                                                                    
         "MGlcn26_e"      "MGlcn26__rl_e"          "MGlcn27_e"      "MGlcn27__rl_e" 
                                                                                    
         "MGlcn28_e"      "MGlcn28__rl_e"          "MGlcn29_e"      "MGlcn29__rl_e" 
                                                                                    
          "MGlcn2_e"       "MGlcn2__rl_e"          "MGlcn30_e"      "MGlcn30__rl_e" 
                                                                                    
         "MGlcn31_e"      "MGlcn31__rl_e"          "MGlcn32_e"      "MGlcn32__rl_e" 
                                                                                    
         "MGlcn34_e"      "MGlcn34__rl_e"          "MGlcn35_e"      "MGlcn35__rl_e" 
                                                                                    
         "MGlcn36_e"      "MGlcn36__rl_e"          "MGlcn39_e"      "MGlcn39__rl_e" 
                                                                                    
          "MGlcn3_e"       "MGlcn3__rl_e"          "MGlcn42_e"      "MGlcn42__rl_e" 
                                                                                    
         "MGlcn45_e"      "MGlcn45__rl_e"          "MGlcn46_e"      "MGlcn46__rl_e" 
                                                                                    
         "MGlcn48_e"      "MGlcn48__rl_e"           "MGlcn4_e"       "MGlcn4__rl_e" 
                                                                                    
         "MGlcn51_e"      "MGlcn51__rl_e"          "MGlcn53_e"      "MGlcn53__rl_e" 
                                                                                    
         "MGlcn55_e"      "MGlcn55__rl_e"          "MGlcn56_e"      "MGlcn56__rl_e" 
                                                                                    
         "MGlcn57_e"      "MGlcn57__rl_e"          "MGlcn58_e"      "MGlcn58__rl_e" 
                                                                                    
          "MGlcn5_e"       "MGlcn5__rl_e"          "MGlcn61_e"      "MGlcn61__rl_e" 
                                                                                    
         "MGlcn64_e"      "MGlcn64__rl_e"          "MGlcn65_e"      "MGlcn65__rl_e" 
                                                                                    
         "MGlcn66_e"      "MGlcn66__rl_e"          "MGlcn68_e"      "MGlcn68__rl_e" 
                                                                                    
         "MGlcn69_e"      "MGlcn69__rl_e"           "MGlcn6_e"       "MGlcn6__rl_e" 
                                                                                    
         "MGlcn70_e"      "MGlcn70__rl_e"          "MGlcn71_e"      "MGlcn71__rl_e" 
                                                                                    
         "MGlcn72_e"      "MGlcn72__rl_e"          "MGlcn74_e"      "MGlcn74__rl_e" 
                                                                                    
         "MGlcn75_e"      "MGlcn75__rl_e"          "MGlcn77_e"      "MGlcn77__rl_e" 
                                                                                    
         "MGlcn78_e"      "MGlcn78__rl_e"          "MGlcn79_e"      "MGlcn79__rl_e" 
                                                                                    
         "MGlcn80_e"      "MGlcn80__rl_e"          "MGlcn81_e"      "MGlcn81__rl_e" 
                                                                                    
         "MGlcn82_e"      "MGlcn82__rl_e"          "MGlcn83_e"      "MGlcn83__rl_e" 
                                                                                    
         "MGlcn84_e"      "MGlcn84__rl_e"          "MGlcn85_e"      "MGlcn85__rl_e" 
                                                                                    
         "MGlcn90_e"      "MGlcn90__rl_e"          "MGlcn91_e"      "MGlcn91__rl_e" 
                                                                                    
         "MGlcn92_e"      "MGlcn92__rl_e"          "MGlcn93_e"      "MGlcn93__rl_e" 
                                                                                    
         "MGlcn94_e"      "MGlcn94__rl_e"          "MGlcn95_e"      "MGlcn95__rl_e" 
                                                                                    
         "MGlcn96_e"      "MGlcn96__rl_e"          "MGlcn97_e"      "MGlcn97__rl_e" 
                                                                                    
         "MGlcn98_e"      "MGlcn98__rl_e"          "MGlcn99_e"      "MGlcn99__rl_e" 
                                                                                    
         "N1aspmd_c"       "Naccitr__L_c"              "PGP_c"            "PGPm1_c" 
                                                                                    
      "T__antigen_e"      "Tn__antigen_e"           "aacald_c"            "aacoa_c" 
                                                                                    
            "aact_c"       "ab14lac__L_c"            "acACP_c"               "ac_c" 
                                                                                    
              "ac_e"             "acac_c"            "acald_c"            "acald_e" 
                                                                                    
           "accoa_c"            "acg5p_c"           "acg5sa_c"          "acgal6p_c" 
                                                                                    
           "acgal_e"          "acgam1p_c"          "acgam6p_c"            "acgam_e" 
                                                                                    
           "acglu_c"            "achms_c"           "acmalt_c"           "acmana_c" 
                                                                                    
         "acmanap_c"     "acnam2a6agal_e"            "acnam_c"            "acnam_e" 
                                                                                    
         "acon__C_c"          "acon__T_c"            "aconm_c"            "acorn_c" 
                                                                                    
           "acser_c"           "actACP_c"          "actn__R_c"             "actp_c" 
                                                                                    
        "adcobdam_c"              "ade_c"           "adhlam_c"              "adn_c" 
                                                                                    
             "adn_e"           "adocbi_c"          "adocbip_c"           "adocbl_c" 
                                                                                    
          "adocbl_e"              "adp_c"           "adpglc_c"       "adphep__DD_c" 
                                                                                    
      "adphep__LD_c"           "adprib_c"            "adsel_c"      "agam1b3agal_e" 
                                                                                    
     "agam1b6agal_e"          "agdpcbi_c"              "agm_c"            "ahcys_c" 
                                                                                    
            "ahdt_c"         "ai15tca1_c"     "ai15tcaacgam_c"         "ai17tca1_c" 
                                                                                    
    "ai17tcaacgam_c"            "aicar_c"         "aihpdcoa_c"          "aipdcoa_c" 
                                                                                    
             "air_c"              "akg_c"              "akg_e"           "ala__B_c" 
                                                                                    
          "ala__D_c"           "ala__D_e"           "ala__L_c"           "ala__L_e" 
                                                                                    
          "alaala_c"           "alaasp_c"           "alaasp_e"          "alac__S_c" 
                                                                                    
          "alagln_c"           "alagln_e"           "alaglu_c"           "alaglu_e" 
                                                                                    
          "alagly_c"           "alagly_e"           "alahis_c"           "alahis_e" 
                                                                                    
          "alaleu_c"           "alaleu_e"           "alathr_c"           "alathr_e" 
                                                                                    
          "allphn_c"            "alltn_c"            "alltn_e"            "alltt_c" 
                                                                                    
           "alpro_c"            "altrn_c"             "amet_c"           "ametam_c" 
                                                                                    
            "amob_c"       "amopbut__L_c"              "amp_c"             "anth_c" 
                                                                                    
            "ap4a_c"           "apoACP_c"   "apoC__Lys__btn_c"              "aps_c" 
                                                                                    
           "ara5p_c"          "arab__L_c"          "arab__L_e"           "arbt6p_c" 
                                                                                    
            "arbt_e"           "arg__L_c"           "arg__L_e"           "argsuc_c" 
                                                                                    
          "ascb6p_c"           "asn__L_c"           "asn__L_e"             "aso3_c" 
                                                                                    
            "aso3_e"             "aso4_c"             "aso4_e"           "asp__L_c" 
                                                                                    
          "asp__L_e"            "aspsa_c"              "atp_c"            "b2coa_c" 
                                                                                    
          "bbtcoa_c"           "betald_c"              "bhb_c"          "biomass_c" 
                                                                                    
            "btal_c"            "btamp_c"            "btcoa_c"          "btd__RR_c" 
                                                                                    
             "btn_c"              "btn_e"         "btn__co2_c"         "but2eACP_c" 
                                                                                    
          "butACP_c"           "butso3_c"           "butso3_e"              "ca2_c" 
                                                                                    
             "ca2_e"             "cala_c"             "camp_c"            "cbasp_c" 
                                                                                    
             "cbi_c"             "cbl1_c"             "cbl1_e"             "cbl2_c" 
                                                                                    
            "cbl2_e"             "cbmt_c"              "cbp_c"              "cd2_c" 
                                                                                    
             "cd2_e"              "cdp_c"     "cdpdaihpdecg_c"      "cdpdaipdecg_c" 
                                                                                    
       "cdpdddecg_c"      "cdpdhdec9eg_c"        "cdpdhdecg_c"       "cdpdihdecg_c" 
                                                                                    
     "cdpdihpdecg_c"       "cdpdipdecg_c"       "cdpditdecg_c"     "cdpdodec11eg_c" 
                                                                                    
       "cdpdodecg_c"      "cdpdtdec7eg_c"        "cdpdtdecg_c"          "cechddd_c" 
                                                                                    
           "cellb_c"            "cellb_e"         "cenchddd_c"             "cgly_c" 
                                                                                    
            "cgly_e"             "chol_c"             "chol_e"          "cholate_c" 
                                                                                    
         "cholate_e"            "chols_c"             "chor_c"            "cinnm_c" 
                                                                                    
           "cinnm_e"              "cit_c"              "cit_e"          "citr__L_c" 
                                                                                    
            "ckdo_c"               "cl_c"               "cl_e"          "clpn140_c" 
                                                                                    
         "clpn160_c"          "clpn180_c"         "clpnai15_c"         "clpnai17_c" 
                                                                                    
         "clpni14_c"          "clpni15_c"          "clpni16_c"          "clpni17_c" 
                                                                                    
             "cmp_c"           "co1dam_c"              "co2_c"              "co2_e" 
                                                                                    
             "coa_c"          "cobalt2_c"          "cobalt2_e"           "colipa_c" 
                                                                                    
           "core2_e"        "core2__rl_e"            "core3_e"            "core6_e" 
                                                                                    
           "core8_e"           "cpppg1_c"           "cpppg3_c"              "crn_c" 
                                                                                    
             "crn_e"           "crncoa_c"              "csn_c"              "csn_e" 
                                                                                    
            "ctbt_c"             "ctbt_e"          "ctbtcoa_c"              "ctp_c" 
                                                                                    
             "cu2_c"              "cu2_e"             "cyan_c"             "cynt_c" 
                                                                                    
            "cynt_e"           "cys__D_c"           "cys__L_c"           "cys__L_e" 
                                                                                    
         "cyst__L_c"             "cytd_c"             "cytd_e"           "dad__2_c" 
                                                                                    
          "dad__2_e"           "dad__5_c"             "dadp_c"             "damp_c" 
                                                                                    
            "dann_c"             "datp_c"             "db4p_c"           "dc2coa_c" 
                                                                                    
          "dcaACP_c"           "dcacoa_c"            "dcamp_c"             "dcdp_c" 
                                                                                    
            "dcmp_c"             "dctp_c"             "dcyt_c"             "dcyt_e" 
                                                                                    
          "dd2coa_c"          "ddcaACP_c"             "ddca_c"             "ddca_e" 
                                                                                    
         "ddcacoa_c"           "dgchol_e"             "dgdp_c"             "dgmp_c" 
                                                                                    
            "dgsn_c"             "dgsn_e"             "dgtp_c"              "dha_c" 
                                                                                    
            "dhap_c"            "dhbpt_c"          "dhcinnm_c"          "dhcinnm_e" 
                                                                                    
        "dhdpacoa_c"              "dhf_c"            "dhlam_c"           "dhlpro_c" 
                                                                                    
            "dhna_c"            "dhnpt_c"          "dhor__S_c"            "dhpmp_c" 
                                                                                    
          "dhpppn_c"           "dhpppn_e"             "dhpt_c"            "dhptd_c" 
                                                                                    
           "diact_c"            "diact_e"              "din_c"              "din_e" 
                                                                                    
          "dmbzid_c"             "dmlz_c"          "dmphqno_c"             "dmpp_c" 
                                                                                    
             "dms_c"              "dms_e"             "dmso_c"             "dmso_e" 
                                                                                    
            "dnad_c"           "dnarep_c"            "dpcoa_c"             "drib_c" 
                                                                                    
            "drib_e"             "dscl_c"             "dtbt_c"       "dtdp4aaddg_c" 
                                                                                    
       "dtdp4addg_c"        "dtdp4d6dg_c"        "dtdp4d6dm_c"             "dtdp_c" 
                                                                                    
         "dtdpglu_c"          "dtdprmn_c"             "dtmp_c"             "dttp_c" 
                                                                                    
            "dudp_c"             "dump_c"             "duri_c"             "duri_e" 
                                                                                    
            "dutp_c"           "dxyl5p_c"           "e4hglu_c"              "e4p_c" 
                                                                                    
          "egACPm_c"            "eig3p_c"           "epACPm_c"             "etha_c" 
                                                                                    
            "etha_e"           "ethso3_c"           "ethso3_e"             "etoh_c" 
                                                                                    
            "etoh_e"              "f1a_e"          "f1a__rl_e"              "f1p_c" 
                                                                                    
             "f6p_c"             "fa11_c"             "fa12_c"              "fa1_c" 
                                                                                    
             "fa3_c"              "fa4_c"              "fa6_c"              "fad_c" 
                                                                                    
           "fadh2_c"             "fald_c"             "fc1p_c"           "fcl__L_c" 
                                                                                    
             "fdp_c"            "fdxox_c"            "fdxrd_c"              "fe2_c" 
                                                                                    
             "fe2_e"              "fe3_c"              "fe3_e"            "fecrm_c" 
                                                                                    
           "fecrm_e"             "fgam_c"           "ficytC_c"              "fmn_c" 
                                                                                    
           "fmnh2_c"           "focytC_c"              "fol_c"              "for_c" 
                                                                                    
             "for_e"            "fpram_c"           "fprica_c"             "frdp_c" 
                                                                                    
             "fru_c"              "fru_e"            "fruur_c"         "fuc1p__L_c" 
                                                                                    
        "fuc1p__L_e"           "fuc__L_c"           "fuc__L_e"              "fum_c" 
                                                                                    
             "fum_e"           "g15lac_c"              "g1p_c"           "g1p__B_c" 
                                                                                    
             "g3p_c"             "g3pc_c"             "g3pe_c"             "g3pg_c" 
                                                                                    
             "g6p_c"              "g6p_e"           "g6p__B_c"            "gACPm_c" 
                                                                                    
      "gagicolipa_c"      "gal1a3acgal_e"      "gal1b3acgal_e"            "gal1p_c" 
 [ reached 'max' / getOption("max.print") -- omitted 643 entries ]

Slot "dietName":
character(0)

Slot "dietValues":
data frame with 0 columns and 0 rows

Slot "lowbnd_beforeDiet":
numeric(0)

Slot "uppbnd_beforeDiet":
numeric(0)

Slot "bioMax":
[1] 1.172

Slot "bioMean":
[1] 0.489

Slot "bioMin":
[1] 0.083

Slot "gene_assoc":
   [1] 1 0 1 1 1 1 1 1 1 0 1 1 1 0 0 1 1 1 1 1 1 1 1 1 1 1 1 1 1 1 1 1 1 1 1 1 1 1 1 1 1 1 1 1 1
  [46] 1 1 1 1 1 1 1 1 1 1 1 1 1 1 1 1 1 1 1 1 1 1 1 1 1 1 1 1 1 1 1 1 1 1 1 1 1 1 1 1 1 1 1 1 1
  [91] 1 1 1 1 1 1 1 1 1 1 1 1 1 0 1 0 0 1 1 1 1 1 1 0 1 1 0 1 1 1 1 1 1 1 1 0 1 1 1 1 1 1 1 1 1
 [136] 1 1 1 1 1 1 0 1 1 1 1 1 1 1 1 1 1 1 1 1 1 1 1 1 1 1 1 1 1 1 1 1 1 1 1 1 1 1 1 1 1 1 1 1 1
 [181] 1 1 1 1 1 1 1 1 0 1 1 1 1 1 1 1 1 1 1 1 1 1 0 1 1 1 1 1 1 1 1 1 1 1 1 1 1 1 1 1 1 1 1 1 1
 [226] 1 1 1 1 1 1 1 1 1 1 1 1 1 1 1 1 1 1 1 1 1 1 1 1 1 1 1 1 1 1 1 1 1 1 1 1 1 1 1 1 1 1 1 1 1
 [271] 1 1 1 1 1 1 1 1 1 1 1 1 1 1 1 1 1 1 1 1 1 1 1 1 1 1 1 1 1 1 1 1 1 1 1 1 1 1 1 1 1 1 1 1 1
 [316] 1 1 1 1 1 1 1 1 1 1 1 1 1 1 1 1 1 1 1 1 0 1 1 0 1 1 1 1 1 1 1 1 1 1 1 1 1 1 1 1 1 1 1 1 1
 [361] 1 1 1 0 1 1 1 1 1 0 1 1 1 1 1 1 1 1 0 1 1 1 1 0 1 1 1 1 1 1 0 1 1 1 1 1 1 1 1 1 1 1 1 0 1
 [406] 1 1 1 1 1 1 1 1 1 1 1 1 1 1 1 1 1 1 1 1 1 1 1 1 1 1 1 1 1 1 1 1 1 1 1 1 1 1 1 1 1 1 1 1 1
 [451] 1 1 1 1 1 1 1 1 1 1 1 1 1 1 1 1 1 1 1 1 1 1 1 1 1 1 1 1 1 1 1 1 1 1 1 1 1 1 1 1 1 1 1 1 1
 [496] 1 1 1 1 1 1 1 1 1 1 1 1 1 1 1 1 1 1 1 1 1 1 1 1 1 1 1 1 1 1 1 1 1 1 1 1 1 1 1 1 1 1 1 1 1
 [541] 1 1 1 1 1 1 1 1 1 1 1 1 1 1 1 1 1 1 1 0 0 1 1 1 0 1 1 1 1 1 1 1 1 1 1 1 0 1 1 1 1 1 1 1 1
 [586] 1 0 1 1 1 1 1 1 1 1 1 1 0 1 1 1 1 1 1 1 1 1 1 1 0 1 1 1 0 1 1 0 1 1 1 0 1 1 1 1 1 1 0 1 1
 [631] 1 0 1 1 1 1 1 1 1 1 1 1 1 1 1 1 0 1 1 1 1 1 1 1 1 1 1 0 1 1 1 1 1 1 1 1 1 1 1 1 1 1 1 1 1
 [676] 1 1 0 1 1 0 1 1 1 1 1 1 1 1 1 1 1 1 1 1 0 1 1 1 1 1 1 1 1 1 1 1 1 0 1 1 1 1 1 1 1 0 1 1 1
 [721] 1 1 1 1 1 1 1 0 1 1 1 1 1 0 0 0 0 0 0 0 0 0 0 0 0 0 0 0 0 0 0 0 0 1 1 1 1 1 1 1 1 1 1 1 1
 [766] 1 1 1 1 1 1 0 1 1 1 1 1 1 1 1 1 1 1 1 1 1 1 1 1 1 1 1 1 1 1 1 1 1 1 1 1 1 1 1 1 1 1 1 1 1
 [811] 1 0 1 1 1 1 1 1 1 1 0 1 0 0 0 0 0 0 0 0 0 0 0 0 0 0 1 1 1 1 1 1 1 1 1 1 1 1 1 1 1 1 1 1 1
 [856] 1 1 1 1 1 1 1 1 1 1 1 1 1 1 1 1 1 1 1 1 1 1 1 1 1 1 1 1 1 1 1 1 1 1 1 1 1 1 1 1 1 1 1 1 1
 [901] 1 1 1 1 1 1 1 1 1 1 1 1 1 1 1 1 1 1 1 1 1 1 1 1 1 1 1 1 1 1 1 1 1 1 1 1 1 1 1 1 1 1 1 1 1
 [946] 1 1 1 1 1 1 1 1 1 1 1 1 1 1 1 1 1 1 1 1 1 1 1 1 1 1 1 1 1 1 1 1 1 1 1 1 1 1 1 1 1 1 1 1 1
 [991] 1 1 1 1 1 1 1 1 1 1
 [ reached 'max' / getOption("max.print") -- omitted 1356 entries ]

Slot "pFBAFlag":
[1] -1

